-5   476269.5  3640330.0  -117.2537470    32.9009063     3.94
-4   476268.5  3640329.9  -117.2537576    32.9009050     4.05
-3   476267.5  3640329.7  -117.2537682    32.9009038     4.20
-2   476266.5  3640329.6  -117.2537788    32.9009025     4.19
-1   476265.6  3640329.5  -117.2537894    32.9009013     4.11
0   476264.6  3640329.3  -117.2538000    32.9009000     4.06
1   476263.6  3640329.2  -117.2538106    32.9008988     4.06
2   476262.6  3640329.1  -117.2538212    32.9008975     4.01
3   476261.6  3640328.9  -117.2538318    32.9008963     4.02
4   476260.6  3640328.8  -117.2538424    32.9008950     4.01
5   476259.6  3640328.7  -117.2538529    32.9008938     3.94
6   476258.6  3640328.5  -117.2538635    32.9008925     3.85
7   476257.6  3640328.4  -117.2538741    32.9008912     3.81
8   476256.6  3640328.2  -117.2538847    32.9008900     3.74
9   476255.6  3640328.1  -117.2538953    32.9008887     3.65
10   476254.7  3640328.0  -117.2539059    32.9008875     3.70
11   476253.7  3640327.8  -117.2539165    32.9008862     3.85
12   476252.7  3640327.7  -117.2539271    32.9008850     3.64
13   476251.7  3640327.6  -117.2539377    32.9008837     3.55
14   476250.7  3640327.4  -117.2539482    32.9008825     3.47
15   476249.7  3640327.3  -117.2539588    32.9008812     3.44
16   476248.7  3640327.2  -117.2539694    32.9008800     3.41
17   476247.7  3640327.0  -117.2539800    32.9008787     3.37
18   476246.7  3640326.9  -117.2539906    32.9008775     3.33
19   476245.7  3640326.7  -117.2540012    32.9008762     3.29
20   476244.7  3640326.6  -117.2540118    32.9008750     3.23
21   476243.8  3640326.5  -117.2540224    32.9008737     3.17
22   476242.8  3640326.3  -117.2540330    32.9008725     3.11
23   476241.8  3640326.2  -117.2540436    32.9008712     3.06
24   476240.8  3640326.1  -117.2540541    32.9008700     3.03
25   476239.8  3640325.9  -117.2540647    32.9008687     3.01
26   476238.8  3640325.8  -117.2540753    32.9008675     3.01
27   476237.8  3640325.7  -117.2540859    32.9008662     3.00
28   476236.8  3640325.5  -117.2540965    32.9008650     3.00
29   476235.8  3640325.4  -117.2541071    32.9008637     3.02
30   476234.8  3640325.2  -117.2541177    32.9008625     3.03
31   476233.8  3640325.1  -117.2541283    32.9008612     3.06
32   476232.9  3640325.0  -117.2541389    32.9008600     3.08
33   476231.9  3640324.8  -117.2541494    32.9008587     3.09
34   476230.9  3640324.7  -117.2541600    32.9008575     3.10
35   476229.9  3640324.6  -117.2541706    32.9008562     3.11
36   476228.9  3640324.4  -117.2541812    32.9008550     3.13
37   476227.9  3640324.3  -117.2541918    32.9008537     3.13
38   476226.9  3640324.2  -117.2542024    32.9008525     3.14
39   476225.9  3640324.0  -117.2542130    32.9008512     3.16
40   476224.9  3640323.9  -117.2542236    32.9008500     3.18
41   476223.9  3640323.7  -117.2542342    32.9008487     3.20
42   476223.0  3640323.6  -117.2542448    32.9008475     3.21
43   476222.0  3640323.5  -117.2542553    32.9008462     3.24
44   476221.0  3640323.3  -117.2542659    32.9008449     3.26
45   476220.0  3640323.2  -117.2542765    32.9008437     3.25
46   476219.0  3640323.1  -117.2542871    32.9008424     3.23
47   476218.0  3640322.9  -117.2542977    32.9008412     3.18
48   476217.0  3640322.8  -117.2543083    32.9008399     3.13
49   476216.0  3640322.7  -117.2543189    32.9008387     3.10
50   476215.0  3640322.5  -117.2543295    32.9008374     3.09
51   476214.0  3640322.4  -117.2543401    32.9008362     3.08
52   476213.0  3640322.2  -117.2543506    32.9008349     3.06
53   476212.1  3640322.1  -117.2543612    32.9008337     3.04
54   476211.1  3640322.0  -117.2543718    32.9008324     3.00
55   476210.1  3640321.8  -117.2543824    32.9008312     2.99
56   476209.1  3640321.7  -117.2543930    32.9008299     2.97
57   476208.1  3640321.6  -117.2544036    32.9008287     2.93
58   476207.1  3640321.4  -117.2544142    32.9008274     2.86
59   476206.1  3640321.3  -117.2544248    32.9008262     2.80
60   476205.1  3640321.2  -117.2544354    32.9008249     2.73
61   476204.1  3640321.0  -117.2544460    32.9008237     2.64
62   476203.1  3640320.9  -117.2544565    32.9008224     2.58
63   476202.1  3640320.7  -117.2544671    32.9008212     2.53
64   476201.2  3640320.6  -117.2544777    32.9008199     2.50
65   476200.2  3640320.5  -117.2544883    32.9008187     2.45
66   476199.2  3640320.3  -117.2544989    32.9008174     2.39
67   476198.2  3640320.2  -117.2545095    32.9008162     2.32
68   476197.2  3640320.1  -117.2545201    32.9008149     2.25
69   476196.2  3640319.9  -117.2545307    32.9008137     2.17
70   476195.2  3640319.8  -117.2545413    32.9008124     2.09
71   476194.2  3640319.7  -117.2545518    32.9008112     2.02
72   476193.2  3640319.5  -117.2545624    32.9008099     1.95
73   476192.2  3640319.4  -117.2545730    32.9008087     1.89
74   476191.3  3640319.2  -117.2545836    32.9008074     1.82
75   476190.3  3640319.1  -117.2545942    32.9008062     1.76
76   476189.3  3640319.0  -117.2546048    32.9008049     1.70
77   476188.3  3640318.8  -117.2546154    32.9008037     1.65
78   476187.3  3640318.7  -117.2546260    32.9008024     1.59
79   476186.3  3640318.6  -117.2546366    32.9008012     1.53
80   476185.3  3640318.4  -117.2546472    32.9007999     1.48
81   476184.3  3640318.3  -117.2546577    32.9007987     1.43
82   476183.3  3640318.2  -117.2546683    32.9007974     1.38
83   476182.3  3640318.0  -117.2546789    32.9007961     1.34
84   476181.3  3640317.9  -117.2546895    32.9007949     1.30
85   476180.4  3640317.8  -117.2547001    32.9007936     1.25
86   476179.4  3640317.6  -117.2547107    32.9007924     1.21
87   476178.4  3640317.5  -117.2547213    32.9007911     1.18
88   476177.4  3640317.3  -117.2547319    32.9007899     1.15
89   476176.4  3640317.2  -117.2547425    32.9007886     1.11
90   476175.4  3640317.1  -117.2547530    32.9007874     1.07
91   476174.4  3640316.9  -117.2547636    32.9007861     1.04
92   476173.4  3640316.8  -117.2547742    32.9007849     1.02
93   476172.4  3640316.7  -117.2547848    32.9007836     0.99
94   476171.4  3640316.5  -117.2547954    32.9007824     0.96
95   476170.4  3640316.4  -117.2548060    32.9007811     0.93
96   476169.5  3640316.3  -117.2548166    32.9007799     0.90
97   476168.5  3640316.1  -117.2548272    32.9007786     0.86
98   476167.5  3640316.0  -117.2548378    32.9007774     0.82
99   476166.5  3640315.8  -117.2548483    32.9007761     0.80
100   476165.5  3640315.7  -117.2548589    32.9007749     0.78
101   476164.5  3640315.6  -117.2548695    32.9007736     0.72
102   476163.5  3640315.4  -117.2548801    32.9007724     0.70
103   476162.5  3640315.3  -117.2548907    32.9007711     0.65
104   476161.5  3640315.2  -117.2549013    32.9007699     0.64
105   476160.5  3640315.0  -117.2549119    32.9007686     0.62
106   476159.5  3640314.9  -117.2549225    32.9007674     0.61
107   476158.6  3640314.8  -117.2549331    32.9007661     0.49
108   476157.6  3640314.6  -117.2549437    32.9007649     0.47
109   476156.6  3640314.5  -117.2549542    32.9007636     0.44
110   476155.6  3640314.3  -117.2549648    32.9007624     0.43
111   476154.6  3640314.2  -117.2549754    32.9007611     0.45
112   476153.6  3640314.1  -117.2549860    32.9007599     0.43
113   476152.6  3640313.9  -117.2549966    32.9007586     0.41
114   476151.6  3640313.8  -117.2550072    32.9007574     0.42
115   476150.6  3640313.7  -117.2550178    32.9007561     0.41
116   476149.6  3640313.5  -117.2550284    32.9007549     0.40
117   476148.7  3640313.4  -117.2550390    32.9007536     0.39
118   476147.7  3640313.3  -117.2550495    32.9007523     0.38
119   476146.7  3640313.1  -117.2550601    32.9007511     0.39
120   476145.7  3640313.0  -117.2550707    32.9007498     0.35
