520 0.035  0.0064  0.083   0.12 0.030  0.0036  0.089  5.78 0.043  0.0130  0.081  0.37 
521 0.031  0.0033  0.096   5.00 0.027  0.0044  0.096  5.02 0.035  0.0014  0.088  4.93 
522 0.028  0.0021  0.099   3.97 0.025  0.0012  0.124  2.71 0.031  0.0037  0.090  4.40 
523 0.027  0.0025  0.090   5.04 0.025  0.0017  0.104  4.17 0.030  0.0041  0.085  5.43 
524 0.029  0.0016  0.102   4.79 0.026  0.0020  0.093  5.05 0.032  0.0019  0.168  3.43 
525 0.030  0.0024  0.079   0.38 0.026  0.0023  0.070  0.24 0.034  0.0036  0.093  0.30 
526 0.031  0.0039  0.093   5.76 0.028  0.0042  0.083  6.27 0.035  0.0038  0.112  4.72 
527 0.033  0.0020  0.480   0.40 0.030  0.0023  0.060  5.97 0.036  0.0023  0.470  0.09 
528 0.038  0.0034  0.106   2.99 0.033  0.0030  0.125  2.34 0.043  0.0054  0.076  3.97 
529 0.038  0.0039  0.186   4.42 0.033  0.0034  0.183  4.42 0.044  0.0048  0.189  4.40 
530 0.038  0.0092  0.097   3.09 0.035  0.0073  0.097  3.24 0.043  0.0119  0.097  3.00 
531 0.035  0.0041  0.078   4.15 0.032  0.0045  0.081  4.21 0.039  0.0040  0.086  3.38 
532 0.035  0.0055  0.086   3.39 0.031  0.0032  0.082  3.72 0.041  0.0094  0.089  3.21 
533 0.034  0.0053  0.085   3.52 0.031  0.0045  0.087  3.50 0.038  0.0065  0.083  3.54 
534 0.036  0.0036  0.088   3.45 0.032  0.0031  0.096  3.16 0.041  0.0044  0.078  3.79 
535 0.034  0.0029  0.083   3.62 0.030  0.0029  0.091  3.19 0.030  0.0123  0.028  0.26 
536 0.033  0.0028  0.074   3.70 0.030  0.0028  0.083  3.31 0.038  0.0031  0.059  4.38 
537 0.032  0.0026  0.080   3.72 0.029  0.0026  0.103  2.63 0.034  0.0054  0.041  5.61 
538 0.034  0.0029  0.074   3.95 0.030  0.0029  0.083  3.67 0.038  0.0031  0.063  4.31 
539 0.033  0.0036  0.073   4.03 0.030  0.0031  0.079  3.74 0.038  0.0046  0.064  4.56 
540 0.034  0.0025  0.080   3.55 0.031  0.0022  0.092  3.21 0.038  0.0032  0.068  3.75 
541 0.034  0.0016  0.183   3.69 0.031  0.0024  0.175  4.45 0.039  0.0018  0.184  2.35 
542 0.035  0.0018  0.084   3.26 0.032  0.0015  0.066  3.98 0.040  0.0026  0.099  2.77 
543 0.035  0.0016  0.129   5.90 0.031  0.0015  0.127  5.44 0.040  0.0027  0.107  1.23 
544 0.035  0.0019  0.132   0.05 0.031  0.0022  0.141  5.94 0.040  0.0028  0.087  2.72 
545 0.033  0.0012  0.119   0.01 0.031  0.0033  0.362  0.76 0.053  0.0204  0.029  3.39 
546 0.018  0.0150  0.017   0.70 0.030  0.0031  0.205  2.35 0.037  0.0027  0.054  3.26 
547 0.033  0.0020  0.113   1.98 0.031  0.0020  0.285  2.05 0.036  0.0036  0.270  0.01 
548 0.033  0.0018  0.075   2.57 0.031  0.0026  0.134  5.74 0.037  0.0036  0.047  4.17 
549 0.033  0.0022  0.089   2.48 0.030  0.0016  0.439  3.10 0.037  0.0050  0.069  2.91 
550 0.033  0.0029  0.083   3.12 0.031  0.0018  0.081  3.33 0.036  0.0043  0.084  3.07 
551 0.032  0.0034  0.082   2.96 0.028  0.0026  0.079  2.81 0.038  0.0050  0.084  3.11 
552 0.031  0.0043  0.085   3.20 0.028  0.0038  0.086  3.13 0.036  0.0048  0.082  3.35 
553 0.032  0.0038  0.091   2.88 0.029  0.0030  0.106  2.35 0.036  0.0052  0.079  3.27 
554 0.033  0.0036  0.078   3.72 0.030  0.0036  0.085  3.72 0.036  0.0042  0.070  3.72 
555 0.028  0.0046  0.048   5.68 0.025  0.0082  0.049  5.64 0.033  0.0021  0.354  6.02 
556 0.032  0.0038  0.091   3.27 0.029  0.0053  0.123  2.64 0.036  0.0045  0.093  2.42 
557 0.030  0.0030  0.100   2.54 0.027  0.0045  0.149  1.17 0.035  0.0021  0.074  3.27 
558 0.032  0.0018  0.189   5.39 0.029  0.0033  0.182  6.03 0.036  0.0038  0.230  2.09 
559 0.144  0.0967  0.049   2.12 0.769  0.7400  0.014  4.03 0.254  0.1342  0.074  6.24 
560 0.037  0.0029  0.053   0.76 0.033  0.0024  0.263  3.99 0.043  0.0050  0.048  1.61 
561 0.037  0.0034  0.090   5.18 0.036  0.0062  0.116  3.61 0.040  0.0048  0.079  0.30 
562 0.036  0.0040  0.088   4.94 0.033  0.0041  0.094  4.66 0.040  0.0040  0.081  5.35 
563 0.037  0.0038  0.077   5.57 0.036  0.0059  0.084  5.06 0.040  0.0023  0.074  0.22 
564 0.038  0.0051  0.094   4.97 0.036  0.0082  0.094  5.09 0.041  0.0029  0.203  3.53 
565 0.036  0.0023  0.062   0.64 0.034  0.0054  0.092  5.12 0.039  0.0039  0.128  0.22 
566 0.036  0.0059  0.184   6.01 0.033  0.0076  0.075  1.01 0.044  0.0129  0.213  5.27 
567 0.028  0.0015  0.294   0.74 0.032  0.0075  0.094  5.38 0.032  0.0049  0.436  4.70 
568 0.045  0.0107  0.081   6.00 0.040  0.0095  0.082  5.96 0.051  0.0122  0.081  6.04 
569 0.043  0.0073  0.074   0.40 0.038  0.0069  0.068  0.72 0.051  0.0081  0.084  6.23 
570 0.044  0.0088  0.083   6.23 0.039  0.0076  0.080  0.17 0.051  0.0106  0.087  5.97 
571 0.044  0.0081  0.077   0.21 0.040  0.0075  0.079  0.05 0.050  0.0089  0.075  0.45 
572 0.044  0.0111  0.083   0.10 0.039  0.0092  0.085  6.23 0.052  0.0139  0.079  0.31 
573 0.046  0.0102  0.083   0.08 0.042  0.0115  0.076  0.39 0.051  0.0093  0.096  5.68 
574 0.043  0.0081  0.079   0.15 0.039  0.0082  0.075  0.32 0.048  0.0081  0.086  6.14 
575 0.043  0.0085  0.078   0.28 0.040  0.0097  0.079  0.20 0.046  0.0069  0.075  0.40 
576 0.043  0.0098  0.078   0.35 0.038  0.0100  0.079  0.25 0.048  0.0093  0.075  0.51 
577 0.042  0.0071  0.073   0.87 0.039  0.0067  0.068  1.25 0.046  0.0081  0.079  0.39 
578 0.043  0.0098  0.068   0.99 0.040  0.0108  0.062  1.28 0.048  0.0087  0.080  0.47 
579 0.043  0.0094  0.078   0.46 0.039  0.0095  0.076  0.57 0.048  0.0089  0.080  0.29 
580 0.043  0.0085  0.075   0.77 0.039  0.0088  0.080  0.60 0.050  0.0078  0.065  1.10 
581 0.044  0.0083  0.077   0.77 0.041  0.0095  0.070  1.21 0.050  0.0078  0.086  0.03 
582 0.045  0.0084  0.077   0.50 0.041  0.0085  0.077  0.51 0.049  0.0081  0.077  0.44 
583 0.044  0.0076  0.060   1.43 0.040  0.0061  0.061  1.13 0.049  0.0093  0.080  0.34 
584 0.044  0.0067  0.073   0.78 0.039  0.0061  0.068  1.12 0.050  0.0079  0.077  0.44 
585 0.044  0.0066  0.075   0.49 0.040  0.0064  0.067  0.89 0.049  0.0069  0.083  0.06 
586 0.046  0.0078  0.076   0.72 0.042  0.0079  0.069  1.07 0.050  0.0083  0.088  0.03 
587 0.049  0.0101  0.063   1.62 0.044  0.0086  0.059  1.75 0.054  0.0122  0.067  1.43 
588 0.049  0.0087  0.069   1.10 0.043  0.0080  0.072  0.80 0.057  0.0112  0.057  1.86 
589 0.041  0.0122  0.081   0.46 0.036  0.0111  0.081  0.36 0.049  0.0136  0.083  0.54 
590 0.021  0.0009  0.256   1.51 0.017  0.0024  0.067  6.10 0.023  0.0033  0.281  0.21 
591 0.036  0.0029  0.105   5.55 0.031  0.0033  0.100  5.76 0.042  0.0023  0.125  4.79 
592 0.040  0.0021  0.089   5.01 0.034  0.0052  0.071  6.05 0.049  0.0059  0.062  3.49 
593 0.040  0.0018  0.128   2.25 0.035  0.0028  0.083  4.93 0.047  0.0021  0.114  1.57 
594 0.037  0.0051  0.053   6.25 0.035  0.0028  0.064  0.08 -0.127  0.1756  0.010  1.21 
595 0.038  0.0020  0.077   5.20 0.033  0.0021  0.076  5.49 0.046  0.0026  0.447  2.19 
596 0.039  0.0040  0.080   5.39 0.034  0.0052  0.060  6.00 0.044  0.0040  0.104  4.75 
597 0.039  0.0036  0.079   6.04 0.035  0.0041  0.092  5.40 0.045  0.0042  0.040  1.48 
598 0.039  0.0032  0.074   6.23 0.036  0.0041  0.077  6.19 0.044  0.0020  0.062  0.17 
599 0.032  0.0039  0.086   0.20 0.028  0.0045  0.081  0.66 0.038  0.0044  0.102  5.09 
600 0.035  0.0049  0.099   5.51 0.032  0.0057  0.089  6.06 0.039  0.0046  0.124  4.16 
601 0.035  0.0057  0.088   6.24 0.031  0.0064  0.088  0.10 0.039  0.0047  0.084  6.12 
602 0.035  0.0039  0.079   0.16 0.032  0.0045  0.081  0.10 0.039  0.0029  0.069  0.39 
603 0.035  0.0062  0.086   6.07 0.031  0.0067  0.084  0.02 0.040  0.0054  0.086  5.73 
604 0.033  0.0032  0.097   5.63 0.029  0.0028  0.106  5.41 0.039  0.0041  0.086  5.86 
605 0.034  0.0076  0.084   6.23 0.030  0.0088  0.084  0.07 0.038  0.0058  0.083  5.99 
606 0.037  0.0122  0.078   0.06 0.032  0.0122  0.077  0.18 0.045  0.0115  0.080  6.11 
607 0.038  0.0119  0.076   0.20 0.033  0.0104  0.072  0.40 0.045  0.0146  0.081  6.20 
608 0.038  0.0077  0.072   0.57 0.034  0.0056  0.063  1.14 0.044  0.0121  0.079  0.06 
609 0.036  0.0079  0.078   0.29 0.031  0.0087  0.080  0.26 0.043  0.0059  0.073  0.31 
610 0.036  0.0117  0.084   6.09 0.033  0.0110  0.080  6.25 0.041  0.0126  0.090  5.82 
611 0.036  0.0093  0.082   6.20 0.032  0.0063  0.079  6.27 0.042  0.0138  0.084  6.14 
612 0.039  0.0092  0.080   6.19 0.036  0.0072  0.075  6.24 0.043  0.0123  0.085  6.13 
613 0.037  0.0091  0.084   6.09 0.033  0.0080  0.085  6.00 0.042  0.0106  0.083  6.21 
614 0.040  0.0074  0.083   6.22 0.034  0.0057  0.085  5.98 0.048  0.0105  0.079  0.22 
615 0.040  0.0071  0.082   6.28 0.034  0.0059  0.083  0.02 0.047  0.0089  0.082  6.22 
616 0.038  0.0076  0.082   0.29 0.032  0.0072  0.083  0.34 0.046  0.0079  0.081  0.15 
617 0.036  0.0074  0.085   6.07 0.031  0.0071  0.087  5.93 0.042  0.0075  0.081  0.02 
618 0.035  0.0078  0.083   6.05 0.031  0.0077  0.085  6.00 0.041  0.0078  0.081  6.08 
619 0.033  0.0045  0.089   5.72 0.028  0.0035  0.082  6.08 0.041  0.0067  0.097  5.31 
620 0.035  0.0017  0.105   4.22 0.030  0.0022  0.188  5.89 0.042  0.0050  0.100  4.81 
621 0.036  0.0016  0.236   3.88 0.032  0.0022  0.236  3.98 0.041  0.0036  0.101  5.03 
622 0.036  0.0019  0.057   3.17 0.033  0.0022  0.029  4.31 0.041  0.0029  0.073  2.46 
623 0.037  0.0017  0.246   2.46 0.032  0.0020  0.121  6.06 0.043  0.0026  0.141  3.22 
624 0.037  0.0029  0.070   2.97 0.033  0.0043  0.051  3.22 0.045  0.0052  0.258  3.22 
625 0.036  0.0044  0.085   3.14 0.031  0.0023  0.080  3.41 0.043  0.0078  0.087  3.04 
626 0.038  0.0016  0.284   2.04 0.033  0.0018  0.253  2.90 0.044  0.0036  0.077  3.82 
627 0.036  0.0040  0.080   3.47 0.033  0.0030  0.204  2.22 0.041  0.0067  0.079  3.79 
628 0.034  0.0018  0.070   4.23 0.031  0.0024  0.146  4.88 0.040  0.0060  0.076  4.26 
629 0.034  0.0030  0.077   3.43 0.030  0.0043  0.079  2.78 0.040  0.0044  0.271  2.29 
630 0.036  0.0034  0.264   3.34 0.031  0.0044  0.259  3.39 0.042  0.0027  0.092  4.13 
631 0.033  0.0032  0.074   3.12 0.028  0.0034  0.057  3.71 0.042  0.0056  0.102  2.32 
632 0.032  0.0032  0.140   5.47 0.027  0.0027  0.148  5.36 0.040  0.0042  0.140  5.08 
633 0.034  0.0066  0.133   5.51 0.030  0.0063  0.103  6.04 0.042  0.0066  0.188  4.60 
634 0.033  0.0073  0.135   5.55 0.029  0.0068  0.128  5.74 0.038  0.0077  0.144  5.22 
635 0.031  0.0053  0.072   0.87 0.025  0.0048  0.079  0.74 0.040  0.0061  0.062  0.74 
636 0.009  0.0013  0.286   2.53 0.008  0.0011  0.280  2.97 0.010  0.0016  0.300  1.74 
637 0.017  0.0034  0.113   5.21 0.015  0.0036  0.120  5.31 0.021  0.0048  0.189  3.57 
638 0.038  0.0049  0.087   5.15 0.035  0.0061  0.121  3.47 0.045  0.0065  0.183  4.14 
639 0.042  0.0110  0.079   6.21 0.036  0.0089  0.082  5.91 0.050  0.0148  0.076  0.25 
640 0.043  0.0095  0.071   6.17 0.037  0.0084  0.073  6.18 0.050  0.0109  0.067  6.21 
641 0.053  0.0167  0.086   6.04 0.045  0.0148  0.084  6.12 0.063  0.0191  0.088  5.93 
642 0.043  0.0045  0.069   0.30 0.038  0.0027  0.065  0.30 0.049  0.0076  0.074  0.18 
643 0.043  0.0066  0.080   0.41 0.039  0.0060  0.072  0.88 0.049  0.0079  0.085  0.05 
644 0.039  0.0020  0.080   5.79 0.034  0.0018  0.071  6.23 0.046  0.0023  0.087  5.46 
645 0.038  0.0080  0.080   0.29 0.034  0.0071  0.075  0.59 0.044  0.0095  0.086  6.24 
646 0.040  0.0074  0.082   0.12 0.035  0.0071  0.082  0.20 0.046  0.0076  0.082  0.01 
647 0.042  0.0053  0.083   0.30 0.037  0.0042  0.077  0.69 0.048  0.0075  0.088  0.01 
648 0.040  0.0044  0.084   0.15 0.035  0.0042  0.088  6.24 0.046  0.0046  0.077  0.45 
649 0.041  0.0048  0.082   0.77 0.037  0.0060  0.069  1.47 0.047  0.0041  0.096  6.14 
650 0.041  0.0061  0.087   0.36 0.042  0.0085  0.049  2.32 0.045  0.0089  0.106  5.58 
651 0.041  0.0091  0.084   0.10 0.037  0.0064  0.078  0.62 0.047  0.0146  0.089  5.93 
652 0.043  0.0087  0.085   0.66 0.049  0.0143  0.045  2.51 0.046  0.0114  0.117  5.58 
653 0.044  0.0074  0.089   0.37 0.041  0.0073  0.062  1.73 0.052  0.0113  0.110  5.62 
654 0.043  0.0052  0.064   1.75 0.035  0.0043  0.188  0.10 0.052  0.0094  0.219  3.25 
655 0.038  0.0016  0.181   0.57 0.034  0.0036  0.072  6.16 0.042  0.0037  0.247  2.68 
656 0.041  0.0071  0.086   0.06 0.035  0.0043  0.092  6.26 0.051  0.0129  0.081  0.14 
657 0.046  0.0079  0.082   6.24 0.041  0.0077  0.082  6.17 0.053  0.0079  0.082  0.04 
658 0.046  0.0092  0.083   6.05 0.041  0.0085  0.082  6.11 0.052  0.0099  0.084  5.97 
659 0.043  0.0055  0.080   0.09 0.039  0.0046  0.076  0.25 0.050  0.0070  0.082  6.24 
660 0.042  0.0076  0.082   0.11 0.037  0.0071  0.081  0.07 0.048  0.0081  0.085  0.13 
661 0.039  0.0059  0.091   5.55 0.034  0.0059  0.105  4.71 0.046  0.0070  0.089  5.95 
662 0.038  0.0045  0.071   0.04 0.033  0.0036  0.072  6.02 0.044  0.0063  0.071  0.28 
663 0.043  0.0067  0.081   5.82 0.040  0.0073  0.074  6.12 0.046  0.0068  0.092  5.27 
664 0.040  0.0064  0.078   5.39 0.035  0.0065  0.056  6.27 0.046  0.0082  0.097  4.56 
665 0.030  0.0074  0.098   5.18 0.027  0.0093  0.097  5.21 0.036  0.0018  0.086  4.64 
666 0.042  0.0049  0.085   5.96 0.038  0.0063  0.091  5.83 0.047  0.0036  0.186  4.03 
667 0.043  0.0020  0.101   4.79 0.039  0.0034  0.099  4.99 0.048  0.0015  0.357  3.83 
668 0.043  0.0051  0.094   5.37 0.039  0.0048  0.101  5.28 0.048  0.0060  0.084  5.50 
669 0.040  0.0025  0.120   5.07 0.035  0.0027  0.175  1.68 0.046  0.0042  0.111  5.37 
670 0.053  0.0150  0.033   3.42 0.037  0.0040  0.199  6.12 0.048  0.0059  0.095  0.72 
671 0.042  0.0030  0.088   2.05 0.038  0.0026  0.500  1.59 0.047  0.0045  0.500  4.73 
672 0.045  0.0043  0.196   5.74 0.042  0.0067  0.075  0.30 0.050  0.0058  0.212  5.33 
673 0.045  0.0082  0.082   6.10 0.039  0.0080  0.081  6.09 0.053  0.0081  0.086  6.07 
674 0.046  0.0084  0.088   6.06 0.041  0.0083  0.078  0.29 0.054  0.0095  0.103  5.20 
675 0.044  0.0087  0.085   6.22 0.039  0.0085  0.082  6.27 0.052  0.0078  0.090  6.16 
676 0.046  0.0090  0.086   0.01 0.038  0.0120  0.086  0.23 0.064  0.0107  0.099  4.47 
677 0.045  0.0084  0.084   0.06 0.038  0.0088  0.087  6.15 0.057  0.0093  0.183  2.66 
678 0.047  0.0133  0.087   5.85 0.040  0.0097  0.086  5.84 0.058  0.0209  0.089  5.79 
679 0.046  0.0102  0.075   6.07 0.042  0.0129  0.076  6.04 0.052  0.0057  0.073  6.06 
680 0.046  0.0074  0.070   0.43 0.042  0.0091  0.081  5.91 0.065  0.0204  0.030  3.08 
681 0.043  0.0082  0.073   0.48 0.039  0.0097  0.074  0.52 0.048  0.0057  0.070  0.39 
682 0.039  0.0139  0.081   6.26 0.034  0.0133  0.083  6.09 0.047  0.0152  0.078  0.18 
683 0.000  0.0000  0.000   0.00 0.000  0.0000  0.000  0.00 0.000  0.0000  0.000  0.00 
684 0.028  0.0071  0.091   5.38 0.024  0.0065  0.103  4.70 0.035  0.0095  0.081  6.00 
685 0.040  0.0126  0.084   5.91 0.036  0.0128  0.088  5.58 0.046  0.0127  0.080  0.03 
686 0.038  0.0152  0.084   0.02 0.034  0.0151  0.081  0.23 0.046  0.0110  0.081  6.16 
687 0.045  0.0107  0.081   5.92 0.042  0.0115  0.091  5.18 0.051  0.0128  0.075  0.28 
688 0.049  0.0089  0.079   5.96 0.046  0.0103  0.081  6.10 0.054  0.0085  0.083  5.38 
689 0.047  0.0042  0.070   0.16 0.046  0.0065  0.077  6.26 0.048  0.0062  0.155  1.40 
690 0.040  0.0044  0.068   6.12 0.034  0.0055  0.065  5.54 0.049  0.0095  0.048  1.84 
691 0.043  0.0068  0.072   0.22 0.041  0.0054  0.085  5.12 0.047  0.0127  0.069  0.82 
692 0.040  0.0046  0.063   0.34 0.037  0.0062  0.068  0.13 0.044  0.0025  0.055  0.76 
693 0.046  0.0114  0.059   1.44 0.050  0.0188  0.037  2.69 0.050  0.0123  0.074  0.50 
694 0.043  0.0083  0.078   6.22 0.041  0.0112  0.083  5.86 0.047  0.0045  0.066  0.83 
695 0.043  0.0090  0.084   6.16 0.038  0.0078  0.072  0.78 0.054  0.0138  0.093  5.38 
696 0.039  0.0050  0.074   0.07 0.039  0.0074  0.089  5.77 0.040  0.0047  0.161  0.84 
697 0.043  0.0092  0.079   6.20 0.039  0.0067  0.075  6.12 0.048  0.0130  0.083  6.14 
698 0.054  0.0199  0.061   1.48 0.043  0.0133  0.069  0.91 0.104  0.0643  0.037  2.87 
699 0.048  0.0135  0.074   0.47 0.045  0.0154  0.074  0.55 0.053  0.0107  0.071  0.34 
700 0.050  0.0161  0.070   0.83 0.042  0.0126  0.067  1.14 0.063  0.0231  0.076  0.31 
701 0.056  0.0217  0.074   0.53 0.044  0.0114  0.070  0.33 0.083  0.0508  0.081  0.30 
702 0.055  0.0207  0.074   0.54 0.046  0.0142  0.081  0.16 0.071  0.0339  0.068  0.87 
703 0.049  0.0116  0.077   0.25 0.044  0.0102  0.073  0.59 0.057  0.0144  0.084  5.98 
704 0.044  0.0092  0.071   0.58 0.040  0.0091  0.072  0.51 0.050  0.0092  0.072  0.44 
705 0.053  0.0180  0.039   2.70 0.037  0.0074  0.067  1.11 0.055  0.0107  0.067  1.03 
706 0.044  0.0060  0.188   0.45 0.039  0.0065  0.177  1.35 0.052  0.0084  0.195  5.81 
707 0.049  0.0052  0.079   5.97 0.043  0.0051  0.083  5.58 0.057  0.0059  0.080  6.25 
708 0.050  0.0237  0.096   5.49 0.036  0.0132  0.094  5.39 0.091  0.0566  0.095  5.68 
709 0.059  0.0049  0.170   5.33 0.053  0.0055  0.056  1.18 0.071  0.0078  0.184  4.12 
710 0.059  0.0142  0.041   2.42 0.044  0.0088  0.052  1.64 0.067  0.0101  0.067  1.13 
711 0.052  0.0118  0.068   1.10 0.050  0.0145  0.061  1.44 0.054  0.0091  0.077  0.67 
712 0.054  0.0081  0.053   1.52 0.081  0.0410  0.021  3.50 0.059  0.0066  0.075  6.24 
713 0.053  0.0108  0.065   1.16 0.046  0.0092  0.071  0.37 0.064  0.0151  0.079  0.92 
714 0.050  0.0091  0.088   6.17 0.043  0.0068  0.100  5.21 0.066  0.0182  0.069  1.16 
715 0.053  0.0151  0.057   1.69 0.043  0.0113  0.061  1.15 0.073  0.0295  0.047  2.49 
716 0.053  0.0159  0.058   1.49 0.044  0.0116  0.077  0.29 0.069  0.0221  0.064  1.12 
717 0.058  0.0182  0.070   1.19 0.050  0.0179  0.082  0.47 0.142  0.0921  0.023  3.60 
718 0.059  0.0226  0.058   1.93 0.051  0.0184  0.062  1.83 0.071  0.0294  0.054  2.09 
719 0.056  0.0177  0.052   2.09 0.075  0.0403  0.026  3.33 0.058  0.0166  0.071  1.23 
720 0.055  0.0181  0.055   2.11 0.046  0.0153  0.062  1.68 0.075  0.0303  0.039  2.96 
721 0.054  0.0161  0.064   1.54 0.047  0.0140  0.074  1.08 0.065  0.0213  0.051  2.15 
722 0.048  0.0105  0.069   1.05 0.047  0.0169  0.050  2.19 0.056  0.0085  0.067  1.21 
723 0.049  0.0141  0.055   1.47 0.042  0.0121  0.062  0.86 0.072  0.0297  0.036  2.75 
724 0.057  0.0238  0.042   2.38 0.044  0.0154  0.060  1.09 0.054  0.0167  0.066  1.23 
725 0.050  0.0170  0.050   2.15 0.048  0.0184  0.046  2.42 0.052  0.0141  0.063  1.26 
726 0.058  0.0232  0.039   2.76 0.063  0.0297  0.030  3.18 0.053  0.0165  0.056  1.93 
727 0.049  0.0143  0.053   1.71 0.039  0.0100  0.067  1.04 0.104  0.0614  0.022  3.36 
728 0.047  0.0138  0.063   1.18 0.042  0.0146  0.062  1.29 0.055  0.0119  0.068  0.78 
729 0.046  0.0104  0.070   0.82 0.044  0.0136  0.052  1.83 0.054  0.0098  0.090  6.05 
730 0.051  0.0135  0.050   2.03 0.041  0.0091  0.061  1.06 0.059  0.0136  0.081  0.45 
731 0.048  0.0111  0.077   0.28 0.041  0.0067  0.075  0.36 0.060  0.0192  0.077  0.25 
732 0.051  0.0139  0.075   0.33 0.045  0.0103  0.066  0.84 0.061  0.0211  0.083  6.16 
733 0.051  0.0125  0.081   6.18 0.048  0.0128  0.075  0.25 0.056  0.0128  0.088  5.75 
734 0.054  0.0127  0.065   1.41 0.047  0.0093  0.071  1.08 0.071  0.0226  0.048  2.17 
735 0.456  0.6792  0.129   2.57 0.452  0.6804  0.129  2.58 0.468  0.6828  0.129  2.58 
736 0.055  0.0187  0.066   1.21 0.046  0.0142  0.062  1.27 0.069  0.0269  0.071  1.10 
737 0.054  0.0165  0.069   0.84 0.053  0.0189  0.059  1.42 0.057  0.0167  0.083  0.06 
738 0.065  0.0302  0.040   2.42 0.051  0.0181  0.056  1.12 0.061  0.0250  0.072  0.96 
739 0.063  0.0200  0.068   1.07 0.061  0.0250  0.067  1.07 0.064  0.0142  0.069  1.08 
740 0.057  0.0235  0.060   1.51 0.056  0.0270  0.054  1.85 0.059  0.0204  0.070  0.81 
741 0.051  0.0190  0.073   0.84 0.062  0.0318  0.048  2.24 0.053  0.0185  0.086  0.07 
742 0.086  0.0510  0.033   2.90 0.061  0.0246  0.059  1.16 0.060  0.0232  0.071  0.95 
743 0.056  0.0147  0.058   1.11 0.049  0.0115  0.055  1.16 0.070  0.0244  0.050  1.97 
744 0.068  0.0204  0.078   1.16 0.075  0.0201  0.059  1.44 0.176  0.0584  0.077  1.72 
745 0.069  0.0379  0.070   1.05 0.054  0.0225  0.070  0.97 0.107  0.0787  0.064  1.46 
746 0.054  0.0171  0.071   1.02 0.049  0.0155  0.065  1.37 0.062  0.0203  0.075  0.73 
747 0.054  0.0146  0.079   0.42 0.047  0.0129  0.080  0.41 0.064  0.0167  0.077  0.34 
748 0.052  0.0136  0.072   0.88 0.046  0.0140  0.067  1.36 0.061  0.0156  0.079  0.13 
749 0.052  0.0089  0.071   0.91 0.112  0.0747  0.020  3.76 0.060  0.0118  0.081  6.03 
750 0.054  0.0072  0.084   1.11 0.051  0.0095  0.084  1.09 0.064  0.0075  0.183  5.28 
751 0.056  0.0051  0.056   1.18 0.056  0.0081  0.086  1.10 0.062  0.0089  0.078  5.48 
752 0.055  0.0092  0.067   1.23 0.052  0.0133  0.063  1.72 0.061  0.0079  0.073  0.04 
753 0.055  0.0035  0.159   5.50 0.053  0.0082  0.084  1.09 0.064  0.0085  0.188  3.65 
754 0.059  0.0080  0.062   1.15 0.051  0.0072  0.062  1.21 0.140  0.0829  0.016  3.88 
755 0.063  0.0142  0.071   0.97 0.085  0.0506  0.032  3.12 0.071  0.0097  0.166  0.42 
756 0.055  0.0136  0.073   0.77 0.050  0.0120  0.207  5.90 0.062  0.0214  0.083  0.14 
757 0.066  0.0207  0.050   2.09 0.052  0.0157  0.058  1.52 0.080  0.0161  0.079  0.96 
758 0.060  0.0208  0.071   1.07 0.054  0.0216  0.071  0.97 0.072  0.0177  0.065  1.46 
759 0.071  0.0313  0.049   2.30 0.056  0.0244  0.058  1.74 0.072  0.0185  0.075  0.99 
760 0.056  0.0184  0.080   0.38 0.061  0.0248  0.057  1.83 0.064  0.0240  0.092  5.53 
761 0.057  0.0188  0.077   0.79 0.050  0.0134  0.072  0.77 0.067  0.0271  0.082  0.68 
762 0.053  0.0300  0.088   0.99 0.128  0.1101  0.031  3.33 0.078  0.0245  0.083  1.26 
763 0.075  0.0529  0.043   2.83 0.038  0.0184  0.086  1.02 0.058  0.0277  0.084  0.71 
764 0.052  0.0206  0.079   1.00 0.040  0.0146  0.077  1.04 0.103  0.0654  0.042  2.70 
765 0.052  0.0154  0.066   1.16 0.046  0.0178  0.062  1.21 0.056  0.0121  0.191  5.54 
766 0.039  0.0122  0.500   1.59 0.038  0.0146  0.117  3.98 0.047  0.0084  0.374  4.35 
767 0.030  0.0133  0.135   6.09 0.025  0.0123  0.138  6.02 0.042  0.0097  0.123  0.01 
768 0.161  0.1650  0.095   4.57 0.212  0.1283  0.346  3.77 0.380  0.4912  0.120  3.22 
769 0.306  0.0845  0.167   5.32 0.391  0.2354  0.367  0.30 0.410  0.1690  0.399  1.51 
770 0.052  0.0566  0.039   0.73 0.107  0.1324  0.440  3.90 0.096  0.0336  0.163  6.07 
771 0.049  0.0443  0.046   0.28 -0.005  0.0899  0.026  0.83 0.073  0.0357  0.065  5.91 
772 0.050  0.0228  0.199   3.67 0.042  0.0233  0.198  3.66 0.077  0.0243  0.062  0.98 
773 -0.171  0.5220  0.002   2.63 0.032  0.0294  0.029  1.28 0.076  0.0338  0.057  1.10 
774 0.056  0.0256  0.057   1.08 0.046  0.0229  0.056  1.10 0.075  0.0282  0.057  1.49 
775 0.063  0.0267  0.054   1.09 0.055  0.0253  0.054  1.23 0.075  0.0235  0.060  0.55 
776 0.059  0.0072  0.203   3.19 0.047  0.0083  0.187  3.02 0.081  0.0140  0.061  0.59 
777 0.077  0.0252  0.051   2.16 0.070  0.0279  0.052  2.11 0.080  0.0169  0.181  6.12 
778 0.044  0.0160  0.051   0.12 0.041  0.0091  0.158  4.20 -0.087  0.6028  0.002  2.79 
779 0.076  0.0299  0.052   1.95 0.087  0.0509  0.042  2.63 0.082  0.0205  0.047  1.79 
780 0.069  0.0258  0.061   1.68 0.056  0.0178  0.082  0.72 0.074  0.0272  0.068  1.05 
781 0.098  0.0505  0.030   3.14 0.080  0.0414  0.045  2.62 0.066  0.0154  0.055  0.97 
782 0.064  0.0194  0.071   0.89 0.061  0.0179  0.072  0.86 0.068  0.0211  0.071  0.92 
783 0.064  0.0189  0.075   0.44 0.059  0.0166  0.086  6.20 0.073  0.0237  0.060  1.14 
784 0.066  0.0315  0.056   0.98 0.068  0.0361  0.055  1.04 0.069  0.0205  0.068  0.91 
785 0.079  0.0388  0.050   2.17 0.057  0.0176  0.177  0.01 0.101  0.0667  0.054  2.14 
786 0.066  0.0190  0.069   1.01 0.060  0.0255  0.177  0.34 0.066  0.0233  0.066  1.31 
787 0.073  0.0324  0.047   2.35 0.061  0.0165  0.078  0.98 0.065  0.0266  0.066  1.13 
788 0.054  0.0150  0.082   0.12 0.048  0.0130  0.088  5.74 0.068  0.0226  0.072  0.94 
789 0.061  0.0158  0.178   0.05 0.053  0.0150  0.176  0.16 0.090  0.0274  0.073  1.01 
790 0.060  0.0121  0.066   1.22 0.062  0.0207  0.404  2.59 0.087  0.0255  0.058  1.27 
791 0.061  0.0109  0.174   6.16 0.056  0.0134  0.074  0.53 0.073  0.0209  0.149  1.18 
792 0.068  0.0153  0.056   1.49 0.065  0.0205  0.171  0.54 0.066  0.0144  0.066  0.75 
793 0.095  0.0508  0.036   2.90 0.091  0.0333  0.069  1.16 0.067  0.0141  0.086  6.07 
794 0.076  0.0374  0.034   2.61 0.056  0.0234  0.056  0.99 0.067  0.0273  0.062  1.49 
795 0.130  0.0983  0.027   3.42 0.079  0.0279  0.065  1.26 0.053  0.0211  0.087  0.50 
796 0.057  0.0125  0.067   1.01 0.070  0.0476  0.144  1.97 0.059  0.0218  0.073  0.97 
797 0.060  0.0165  0.058   1.18 0.056  0.0213  0.058  1.35 0.069  0.0204  0.153  1.39 
798 0.058  0.0119  0.068   0.71 0.064  0.0275  0.132  2.80 0.100  0.0311  0.060  1.31 
799 0.053  0.0129  0.067   0.56 0.052  0.0147  0.416  1.69 0.067  0.0222  0.054  1.13 
800 0.048  0.0160  0.084   6.07 0.043  0.0142  0.089  5.06 0.116  0.0533  0.068  1.12 
801 0.045  0.0163  0.104   5.45 0.038  0.0189  0.110  5.25 0.073  0.0213  0.057  1.15 
802 0.048  0.0101  0.177   5.11 0.045  0.0159  0.218  4.03 0.121  0.0435  0.052  1.44 
803 0.042  0.0145  0.044   0.65 0.044  0.0176  0.083  5.31 0.078  0.0277  0.052  1.41 
804 0.055  0.0182  0.221   3.45 0.056  0.0237  0.178  6.05 0.063  0.0151  0.216  3.33 
805 0.047  0.0156  0.220   3.65 0.051  0.0224  0.371  4.59 0.050  0.0158  0.500  1.59 
806 0.047  0.0133  0.073   6.25 0.058  0.0150  0.078  1.07 0.049  0.0244  0.080  5.69 
807 0.046  0.0145  0.414   1.99 0.039  0.0150  0.413  2.00 0.057  0.0174  0.116  5.02 
808 0.044  0.0156  0.218   3.72 0.040  0.0159  0.208  3.90 0.055  0.0265  0.112  4.98 
809 0.055  0.0148  0.056   1.82 0.049  0.0153  0.175  4.77 0.073  0.0215  0.066  1.06 
810 0.048  0.0079  0.500   1.59 0.043  0.0102  0.155  5.58 0.067  0.0305  0.121  3.66 
811 0.045  0.0079  0.300   2.70 0.039  0.0085  0.108  4.04 0.061  0.0107  0.456  3.12 
812 0.043  0.0031  0.071   6.14 0.040  0.0049  0.090  4.59 0.049  0.0078  0.189  5.64 
813 0.046  0.0077  0.134   2.43 0.040  0.0082  0.136  2.62 0.052  0.0094  0.252  3.75 
814 0.044  0.0074  0.071   0.19 0.041  0.0101  0.080  5.74 0.051  0.0085  0.064  1.09 
815 0.055  0.0100  0.065   0.06 0.067  0.0284  0.142  1.87 0.056  0.0130  0.169  4.36 
816 0.054  0.0142  0.080   5.48 0.054  0.0231  0.093  4.71 0.067  0.0116  0.055  1.12 
817 0.065  0.0143  0.081   5.64 0.054  0.0119  0.083  5.44 0.092  0.0390  0.162  4.23 
818 0.068  0.0269  0.075   5.72 0.080  0.0402  0.100  4.08 0.076  0.0273  0.068  0.37 
819 0.046  0.0164  0.189   4.85 0.044  0.0205  0.178  5.70 0.056  0.0202  0.087  5.98 
820 0.054  0.0096  0.071   0.03 0.049  0.0145  0.072  5.87 0.061  0.0120  0.137  5.29 
821 0.072  0.0201  0.080   0.13 0.072  0.0206  0.084  5.36 0.076  0.0285  0.086  0.15 
822 0.067  0.0161  0.122   1.73 0.051  0.0132  0.167  5.95 0.098  0.0322  0.098  2.89 
823 0.105  0.0345  0.063   1.15 0.072  0.0239  0.057  1.01 0.156  0.0827  0.131  6.10 
824 0.067  0.0099  0.166   5.50 0.055  0.0102  0.266  0.10 0.087  0.0246  0.139  0.03 
825 0.063  0.0183  0.044   2.10 0.051  0.0154  0.062  1.46 0.065  0.0186  0.054  0.83 
826 0.050  0.0150  0.083   0.34 0.045  0.0117  0.278  5.95 0.055  0.0190  0.086  6.24 
827 0.050  0.0168  0.182   5.71 0.051  0.0220  0.168  0.30 0.056  0.0151  0.088  6.07 
828 0.054  0.0151  0.072   0.86 0.054  0.0176  0.061  1.81 0.058  0.0177  0.073  0.41 
829 0.052  0.0171  0.045   1.77 0.053  0.0222  0.057  1.01 0.054  0.0099  0.075  0.06 
830 0.055  0.0522  0.440   3.89 0.053  0.0514  0.441  3.79 0.063  0.0499  0.437  4.04 
831 0.721  0.3832  0.100   4.53 0.741  0.3278  0.126  3.42 0.820  0.4480  0.096  4.57 
832 0.068  0.0223  0.119   2.35 0.087  0.0524  0.130  2.45 0.064  0.0158  0.112  2.31 
833 0.069  0.0159  0.190   3.81 0.073  0.0198  0.200  3.91 0.066  0.0174  0.139  5.32 
834 0.116  0.0718  0.121   2.28 0.112  0.0785  0.118  2.32 0.125  0.0663  0.125  2.33 
835 0.087  0.0119  0.098   4.86 0.098  0.0251  0.105  4.72 0.081  0.0153  0.449  3.76 
836 0.080  0.0306  0.192   4.62 0.070  0.0427  0.182  5.45 0.176  0.1452  0.097  4.95 
837 0.065  0.0280  0.144   5.30 0.067  0.0327  0.089  0.49 0.085  0.0184  0.274  2.29 
838 0.055  0.0337  0.433   1.04 0.053  0.0271  0.370  3.62 -0.018  0.1677  0.135  5.81 
839 0.593  0.8202  0.124   3.17 0.592  0.8316  0.124  3.14 0.600  0.8046  0.123  3.26 
840 1.425  1.6087  0.139   2.69 1.628  1.4318  0.129  3.20 1.392  1.6586  0.142  2.61 
841 0.073  0.0196  0.187   0.10 0.067  0.0215  0.199  0.36 0.089  0.0386  0.193  5.50 
842 0.093  0.0299  0.167   1.16 0.129  0.1156  0.155  1.85 0.161  0.1119  0.129  2.33 
843 0.072  0.0221  0.193   6.02 0.073  0.0429  0.186  0.10 0.089  0.0101  0.090  4.25 
844 0.095  0.0382  0.183   0.26 0.116  0.0845  0.368  5.07 0.094  0.0323  0.203  4.91 
845 0.085  0.0180  0.091   1.76 0.195  0.0786  0.077  2.02 0.087  0.0163  0.430  1.70 
846 0.094  0.0492  0.367   4.16 0.107  0.1068  0.435  1.25 0.102  0.0304  0.305  0.74 
847 0.085  0.0426  0.364   4.33 0.088  0.0654  0.214  4.84 0.089  0.0344  0.358  4.26 
848 0.083  0.0110  0.354   4.05 0.081  0.0121  0.320  4.77 0.091  0.0237  0.379  3.39 
849 0.095  0.0326  0.127   3.14 0.174  0.1674  0.134  2.60 0.085  0.0219  0.067  5.72 
850 0.204  0.2269  0.131   2.25 0.321  0.3919  0.125  2.46 0.211  0.2097  0.128  2.38 
851 0.111  0.0491  0.157   1.55 0.172  0.1625  0.161  1.63 0.128  0.0694  0.128  2.40 
852 0.089  0.0347  0.283   1.71 0.094  0.0444  0.274  1.92 0.100  0.0438  0.125  2.53 
853 0.077  0.0191  0.448   3.23 0.156  0.1383  0.127  2.80 0.083  0.0229  0.055  1.09 
854 0.079  0.0325  0.281   2.04 0.241  0.2862  0.127  2.61 0.072  0.0217  0.187  4.80 
855 0.062  0.0225  0.059   6.03 0.133  0.1279  0.126  3.02 0.080  0.0182  0.425  1.74 
856 0.053  0.0123  0.069   5.88 0.056  0.0091  0.185  3.69 0.074  0.0246  0.305  0.67 
857 0.113  0.0882  0.138   1.84 0.130  0.1318  0.148  1.27 0.035  0.2135  0.438  0.80 
858 0.081  0.0360  0.141   1.27 0.223  0.2597  0.128  2.53 0.090  0.0444  0.154  0.70 
859 0.077  0.0397  0.157   0.81 0.133  0.1255  0.135  2.30 0.152  0.0526  0.070  1.33 
860 0.078  0.0283  0.134   2.11 0.062  0.0109  0.450  1.28 0.143  0.1249  0.132  2.25 
861 0.094  0.0565  0.132   2.25 0.078  0.0308  0.452  0.66 0.139  0.1359  0.132  2.18 
862 0.080  0.0363  0.145   1.59 0.115  0.0935  0.130  2.20 0.074  0.0248  0.176  0.06 
863 0.071  0.0184  0.167   0.71 0.096  0.0621  0.134  2.00 0.073  0.0232  0.368  5.63 
864 0.073  0.0192  0.164   1.00 0.072  0.0317  0.245  3.74 0.083  0.0249  0.169  0.90 
865 0.067  0.0247  0.121   2.79 0.060  0.0209  0.120  2.74 0.078  0.0357  0.122  2.85 
866 0.054  0.0154  0.089   1.36 0.060  0.0247  0.182  6.21 0.061  0.0197  0.111  0.13 
867 0.087  0.0389  0.140   1.86 0.100  0.0672  0.127  2.40 0.094  0.0478  0.165  0.74 
868 0.068  0.0158  0.368   4.11 0.058  0.0155  0.364  3.99 0.143  0.1035  0.138  2.45 
869 0.070  0.0242  0.164   0.68 0.150  0.1661  0.137  1.93 0.079  0.0425  0.448  3.51 
870 0.050  0.0205  0.121   5.90 0.104  0.0992  0.140  1.80 0.084  0.0414  0.196  2.80 
871 0.079  0.0329  0.157   1.02 0.219  0.2655  0.133  2.17 0.079  0.0337  0.440  3.60 
872 0.059  0.0257  0.189   5.36 0.085  0.0658  0.149  1.20 0.083  0.0492  0.108  4.85 
873 0.077  0.0261  0.167   0.66 0.067  0.0178  0.201  6.22 0.101  0.0586  0.168  0.50 
874 0.071  0.0247  0.196   5.01 0.073  0.0211  0.092  1.11 0.089  0.0444  0.198  4.50 
875 0.077  0.0203  0.173   0.40 0.071  0.0235  0.145  1.66 0.096  0.0258  0.184  6.26 
876 0.093  0.0544  0.046   1.94 0.073  0.0506  0.031  1.89 0.105  0.0689  0.087  0.10 
877 0.063  0.0143  0.215   5.63 0.055  0.0159  0.226  5.09 0.334  0.1301  0.060  1.44 
878 0.100  0.0584  0.032   2.88 0.061  0.0189  0.056  1.29 0.081  0.0421  0.066  0.81 
879 0.069  0.0225  0.166   0.00 0.053  0.0145  0.164  0.27 0.103  0.0475  0.161  0.09 
880 0.066  0.0396  0.179   5.61 0.145  0.1796  0.133  2.07 0.101  0.0594  0.189  4.34 
881 0.074  0.0177  0.064   1.06 0.093  0.0377  0.065  1.10 0.116  0.0703  0.112  3.81 
882 0.054  0.0169  0.128   2.56 0.072  0.0516  0.129  2.95 0.103  0.1002  0.128  2.25 
883 0.061  0.0181  0.275   3.83 0.056  0.0263  0.199  4.80 0.237  0.0947  0.056  1.40 
884 0.078  0.0560  0.443   3.65 0.062  0.0389  0.449  3.33 0.149  0.1113  0.129  2.82 
885 0.057  0.0174  0.449   3.63 0.059  0.0365  0.460  2.75 0.114  0.1165  0.241  0.17 
886 0.055  0.0188  0.057   1.15 0.042  0.0154  0.187  5.09 0.118  0.0956  0.120  3.37 
887 0.061  0.0230  0.078   5.09 0.058  0.0184  0.094  4.62 0.011  0.0831  0.027  0.83 
888 1.660  2.1470  0.052   1.90 1.631  2.1309  0.052  1.87 1.723  2.1753  0.051  1.96 
889 0.048  0.0147  0.150   3.86 0.038  0.0161  0.150  4.08 0.075  0.0150  0.138  2.41 
890 1.667  2.1834  0.052   1.86 1.677  2.1954  0.052  1.87 1.685  2.1726  0.052  1.88 
891 0.049  0.0214  0.120   3.58 0.049  0.0334  0.125  3.22 0.057  0.0147  0.096  3.92 
892 1.727  2.2803  0.053   1.87 1.717  2.2809  0.053  1.86 1.755  2.2742  0.052  1.88 
893 0.052  0.0165  0.366   2.84 0.044  0.0193  0.500  1.59 0.112  0.0483  0.050  1.36 
894 1.980  2.5415  0.052   1.96 1.973  2.4909  0.051  1.98 2.025  2.5730  0.054  1.90 
895 0.069  0.0499  0.124   2.54 0.069  0.0648  0.122  2.82 0.095  0.0407  0.177  5.76 
896 0.082  0.0355  0.083   1.22 0.090  0.0407  0.080  1.21 0.074  0.0275  0.193  5.35 
897 0.048  0.0208  0.177   4.91 0.047  0.0196  0.071  0.81 0.060  0.0396  0.475  1.49 
898 0.080  0.0538  0.080   0.73 0.072  0.0398  0.075  0.95 0.105  0.0708  0.087  0.14 
899 0.106  0.0748  0.057   1.98 0.134  0.0888  0.106  0.87 -0.091  0.2744  0.118  0.29 
900 0.060  0.0371  0.073   0.69 0.057  0.0318  0.064  0.97 0.071  0.0464  0.086  0.01 
901 0.058  0.0341  0.072   1.00 0.072  0.0467  0.047  2.31 0.064  0.0417  0.088  0.12 
902 0.049  0.0229  0.086   6.06 0.041  0.0185  0.091  5.96 0.063  0.0320  0.081  6.09 
903 0.034  0.0156  0.061   0.93 0.329  0.3160  0.005  4.19 0.042  0.0202  0.143  5.38 
904 0.041  0.0133  0.088   5.77 0.037  0.0146  0.090  5.80 0.047  0.0123  0.083  5.59 
905 0.034  0.0042  0.080   0.47 0.028  0.0034  0.450  0.34 0.042  0.0092  0.090  6.06 
906 1.847  1.7991  0.132   2.81 1.839  1.8146  0.132  2.81 1.659  1.2685  0.442  4.77 
907 0.031  0.0067  0.095   5.69 0.027  0.0068  0.105  5.56 0.036  0.0070  0.075  5.88 
908 0.033  0.0062  0.184   4.21 0.030  0.0061  0.178  4.60 0.037  0.0061  0.187  3.73 
909 0.030  0.0091  0.124   5.64 0.025  0.0111  0.119  5.66 0.036  0.0071  0.064  0.81 
910 0.040  0.0091  0.187   4.05 0.037  0.0120  0.195  3.84 0.051  0.0180  0.287  3.27 
911 0.056  0.0190  0.278   2.54 0.044  0.0116  0.295  2.08 0.116  0.0962  0.127  2.48 
912 0.042  0.0050  0.171   5.42 0.037  0.0087  0.069  5.39 0.048  0.0067  0.148  0.10 
913 0.038  0.0239  0.156   2.11 0.033  0.0167  0.154  2.46 0.053  0.0378  0.149  1.94 
914 0.038  0.0133  0.142   1.91 0.035  0.0087  0.367  2.90 0.043  0.0189  0.153  1.48 
915 0.048  0.0206  0.096   4.51 0.151  0.1888  0.127  2.75 0.040  0.0150  0.056  0.85 
