-13   488023.2  3601845.9  -117.1275711    32.5539428     4.45
-12   488022.3  3601845.6  -117.1275810    32.5539395     4.49
-11   488021.4  3601845.2  -117.1275909    32.5539362     4.52
-10   488020.4  3601844.8  -117.1276008    32.5539329     4.55
-9   488019.5  3601844.5  -117.1276107    32.5539296     4.56
-8   488018.6  3601844.1  -117.1276207    32.5539263     4.01
-7   488017.6  3601843.7  -117.1276306    32.5539230     3.99
-6   488016.7  3601843.4  -117.1276405    32.5539197     3.46
-5   488015.8  3601843.0  -117.1276504    32.5539165     3.41
-4   488014.9  3601842.7  -117.1276603    32.5539132     3.41
-3   488013.9  3601842.3  -117.1276702    32.5539099     3.39
-2   488013.0  3601841.9  -117.1276802    32.5539066     3.52
-1   488012.1  3601841.6  -117.1276901    32.5539033     3.57
0   488011.1  3601841.2  -117.1277000    32.5539000     3.91
1   488010.2  3601840.8  -117.1277099    32.5538967     3.89
2   488009.3  3601840.5  -117.1277198    32.5538934     3.84
3   488008.3  3601840.1  -117.1277298    32.5538901     3.60
4   488007.4  3601839.7  -117.1277397    32.5538868     3.49
5   488006.5  3601839.4  -117.1277496    32.5538836     3.52
6   488005.5  3601839.0  -117.1277595    32.5538803     3.64
7   488004.6  3601838.7  -117.1277694    32.5538770     3.72
8   488003.7  3601838.3  -117.1277793    32.5538737     3.81
9   488002.7  3601837.9  -117.1277893    32.5538704     3.72
10   488001.8  3601837.6  -117.1277992    32.5538671     3.89
11   488000.9  3601837.2  -117.1278091    32.5538638     3.91
12   487999.9  3601836.8  -117.1278190    32.5538605     3.95
13   487999.0  3601836.5  -117.1278289    32.5538572     3.94
14   487998.1  3601836.1  -117.1278389    32.5538540     3.98
15   487997.2  3601835.7  -117.1278488    32.5538507     4.00
16   487996.2  3601835.4  -117.1278587    32.5538474     3.99
17   487995.3  3601835.0  -117.1278686    32.5538441     3.96
18   487994.4  3601834.7  -117.1278785    32.5538408     3.96
19   487993.4  3601834.3  -117.1278884    32.5538375     3.97
20   487992.5  3601833.9  -117.1278984    32.5538342     3.92
21   487991.6  3601833.6  -117.1279083    32.5538309     3.90
22   487990.6  3601833.2  -117.1279182    32.5538276     3.96
23   487989.7  3601832.8  -117.1279281    32.5538244     3.96
24   487988.8  3601832.5  -117.1279380    32.5538211     3.95
25   487987.8  3601832.1  -117.1279480    32.5538178     4.38
26   487986.9  3601831.7  -117.1279579    32.5538145     4.15
27   487986.0  3601831.4  -117.1279678    32.5538112     4.22
28   487985.0  3601831.0  -117.1279777    32.5538079     4.31
29   487984.1  3601830.7  -117.1279876    32.5538046     4.00
30   487983.2  3601830.3  -117.1279975    32.5538013     3.97
31   487982.2  3601829.9  -117.1280075    32.5537980     3.95
32   487981.3  3601829.6  -117.1280174    32.5537947     3.91
33   487980.4  3601829.2  -117.1280273    32.5537915     3.86
34   487979.5  3601828.8  -117.1280372    32.5537882     3.74
35   487978.5  3601828.5  -117.1280471    32.5537849     3.66
36   487977.6  3601828.1  -117.1280571    32.5537816     3.61
37   487976.7  3601827.7  -117.1280670    32.5537783     3.56
38   487975.7  3601827.4  -117.1280769    32.5537750     3.54
39   487974.8  3601827.0  -117.1280868    32.5537717     3.49
40   487973.9  3601826.7  -117.1280967    32.5537684     3.45
41   487972.9  3601826.3  -117.1281066    32.5537651     3.41
42   487972.0  3601825.9  -117.1281166    32.5537619     3.38
43   487971.1  3601825.6  -117.1281265    32.5537586     3.37
44   487970.1  3601825.2  -117.1281364    32.5537553     3.33
45   487969.2  3601824.8  -117.1281463    32.5537520     3.30
46   487968.3  3601824.5  -117.1281562    32.5537487     3.21
47   487967.3  3601824.1  -117.1281662    32.5537454     3.16
48   487966.4  3601823.7  -117.1281761    32.5537421     3.03
49   487965.5  3601823.4  -117.1281860    32.5537388     2.97
50   487964.5  3601823.0  -117.1281959    32.5537355     2.90
51   487963.6  3601822.7  -117.1282058    32.5537322     2.78
52   487962.7  3601822.3  -117.1282157    32.5537290     2.71
53   487961.8  3601821.9  -117.1282257    32.5537257     2.64
54   487960.8  3601821.6  -117.1282356    32.5537224     2.47
55   487959.9  3601821.2  -117.1282455    32.5537191     2.38
56   487959.0  3601820.8  -117.1282554    32.5537158     2.29
57   487958.0  3601820.5  -117.1282653    32.5537125     2.20
58   487957.1  3601820.1  -117.1282753    32.5537092     2.04
59   487956.2  3601819.7  -117.1282852    32.5537059     1.95
60   487955.2  3601819.4  -117.1282951    32.5537026     1.89
61   487954.3  3601819.0  -117.1283050    32.5536994     1.80
62   487953.4  3601818.7  -117.1283149    32.5536961     1.71
63   487952.4  3601818.3  -117.1283248    32.5536928     1.58
64   487951.5  3601817.9  -117.1283348    32.5536895     1.50
65   487950.6  3601817.6  -117.1283447    32.5536862     1.42
66   487949.6  3601817.2  -117.1283546    32.5536829     1.30
67   487948.7  3601816.8  -117.1283645    32.5536796     1.24
68   487947.8  3601816.5  -117.1283744    32.5536763     1.17
69   487946.8  3601816.1  -117.1283844    32.5536730     1.06
70   487945.9  3601815.8  -117.1283943    32.5536697     1.00
71   487945.0  3601815.4  -117.1284042    32.5536665     0.94
72   487944.0  3601815.0  -117.1284141    32.5536632     0.85
73   487943.1  3601814.7  -117.1284240    32.5536599     0.80
74   487942.2  3601814.3  -117.1284339    32.5536566     0.75
75   487941.3  3601813.9  -117.1284439    32.5536533     0.72
76   487940.3  3601813.6  -117.1284538    32.5536500     0.68
77   487939.4  3601813.2  -117.1284637    32.5536467     0.64
78   487938.5  3601812.8  -117.1284736    32.5536434     0.60
79   487937.5  3601812.5  -117.1284835    32.5536401     0.55
80   487936.6  3601812.1  -117.1284934    32.5536369     0.61
81   487935.7  3601811.8  -117.1285034    32.5536336     0.56
82   487934.7  3601811.4  -117.1285133    32.5536303     0.53
83   487933.8  3601811.0  -117.1285232    32.5536270     0.51
84   487932.9  3601810.7  -117.1285331    32.5536237     0.45
85   487931.9  3601810.3  -117.1285430    32.5536204     0.53
86   487931.0  3601809.9  -117.1285530    32.5536171     0.51
87   487930.1  3601809.6  -117.1285629    32.5536138     0.47
88   487929.1  3601809.2  -117.1285728    32.5536105     0.45
89   487928.2  3601808.8  -117.1285827    32.5536072     0.43
90   487927.3  3601808.5  -117.1285926    32.5536040     0.40
91   487926.3  3601808.1  -117.1286025    32.5536007     0.38
92   487925.4  3601807.8  -117.1286125    32.5535974     0.36
93   487924.5  3601807.4  -117.1286224    32.5535941     0.35
94   487923.6  3601807.0  -117.1286323    32.5535908     0.34
95   487922.6  3601806.7  -117.1286422    32.5535875     0.32
96   487921.7  3601806.3  -117.1286521    32.5535842     0.29
97   487920.8  3601805.9  -117.1286621    32.5535809     0.27
98   487919.8  3601805.6  -117.1286720    32.5535776     0.25
99   487918.9  3601805.2  -117.1286819    32.5535744     0.22
100   487918.0  3601804.8  -117.1286918    32.5535711     0.21
101   487917.0  3601804.5  -117.1287017    32.5535678     0.19
102   487916.1  3601804.1  -117.1287116    32.5535645     0.18
103   487915.2  3601803.8  -117.1287216    32.5535612     0.16
104   487914.2  3601803.4  -117.1287315    32.5535579     0.16
105   487913.3  3601803.0  -117.1287414    32.5535546     0.14
106   487912.4  3601802.7  -117.1287513    32.5535513     0.13
107   487911.4  3601802.3  -117.1287612    32.5535480     0.11
