-7   488017.6  3601843.7  -117.1276306    32.5539230     3.38
-6   488016.7  3601843.4  -117.1276405    32.5539197     3.30
-5   488015.8  3601843.0  -117.1276504    32.5539165     3.25
-4   488014.9  3601842.7  -117.1276603    32.5539132     3.32
-3   488013.9  3601842.3  -117.1276702    32.5539099     3.39
-2   488013.0  3601841.9  -117.1276802    32.5539066     3.47
-1   488012.1  3601841.6  -117.1276901    32.5539033     3.54
0   488011.1  3601841.2  -117.1277000    32.5539000     3.61
1   488010.2  3601840.8  -117.1277099    32.5538967     3.55
2   488009.3  3601840.5  -117.1277198    32.5538934     3.64
3   488008.3  3601840.1  -117.1277298    32.5538901     3.59
4   488007.4  3601839.7  -117.1277397    32.5538868     3.55
5   488006.5  3601839.4  -117.1277496    32.5538836     3.57
6   488005.5  3601839.0  -117.1277595    32.5538803     3.56
7   488004.6  3601838.7  -117.1277694    32.5538770     3.77
8   488003.7  3601838.3  -117.1277793    32.5538737     3.63
9   488002.7  3601837.9  -117.1277893    32.5538704     3.63
10   488001.8  3601837.6  -117.1277992    32.5538671     3.64
11   488000.9  3601837.2  -117.1278091    32.5538638     3.66
12   487999.9  3601836.8  -117.1278190    32.5538605     3.91
13   487999.0  3601836.5  -117.1278289    32.5538572     3.89
14   487998.1  3601836.1  -117.1278389    32.5538540     3.97
15   487997.2  3601835.7  -117.1278488    32.5538507     4.00
16   487996.2  3601835.4  -117.1278587    32.5538474     3.91
17   487995.3  3601835.0  -117.1278686    32.5538441     3.93
18   487994.4  3601834.7  -117.1278785    32.5538408     3.92
19   487993.4  3601834.3  -117.1278884    32.5538375     4.05
20   487992.5  3601833.9  -117.1278984    32.5538342     3.93
21   487991.6  3601833.6  -117.1279083    32.5538309     3.94
22   487990.6  3601833.2  -117.1279182    32.5538276     3.95
23   487989.7  3601832.8  -117.1279281    32.5538244     3.97
24   487988.8  3601832.5  -117.1279380    32.5538211     3.98
25   487987.8  3601832.1  -117.1279480    32.5538178     4.00
26   487986.9  3601831.7  -117.1279579    32.5538145     4.02
27   487986.0  3601831.4  -117.1279678    32.5538112     4.16
28   487985.0  3601831.0  -117.1279777    32.5538079     4.17
29   487984.1  3601830.7  -117.1279876    32.5538046     4.23
30   487983.2  3601830.3  -117.1279975    32.5538013     4.23
31   487982.2  3601829.9  -117.1280075    32.5537980     4.18
32   487981.3  3601829.6  -117.1280174    32.5537947     4.13
33   487980.4  3601829.2  -117.1280273    32.5537915     4.11
34   487979.5  3601828.8  -117.1280372    32.5537882     4.10
35   487978.5  3601828.5  -117.1280471    32.5537849     4.08
36   487977.6  3601828.1  -117.1280571    32.5537816     4.03
37   487976.7  3601827.7  -117.1280670    32.5537783     3.95
38   487975.7  3601827.4  -117.1280769    32.5537750     3.87
39   487974.8  3601827.0  -117.1280868    32.5537717     3.82
40   487973.9  3601826.7  -117.1280967    32.5537684     3.78
41   487972.9  3601826.3  -117.1281066    32.5537651     3.76
42   487972.0  3601825.9  -117.1281166    32.5537619     3.75
43   487971.1  3601825.6  -117.1281265    32.5537586     3.72
44   487970.1  3601825.2  -117.1281364    32.5537553     3.70
45   487969.2  3601824.8  -117.1281463    32.5537520     3.68
46   487968.3  3601824.5  -117.1281562    32.5537487     3.64
47   487967.3  3601824.1  -117.1281662    32.5537454     3.62
48   487966.4  3601823.7  -117.1281761    32.5537421     3.59
49   487965.5  3601823.4  -117.1281860    32.5537388     3.57
50   487964.5  3601823.0  -117.1281959    32.5537355     3.58
51   487963.6  3601822.7  -117.1282058    32.5537322     3.57
52   487962.7  3601822.3  -117.1282157    32.5537290     3.51
53   487961.8  3601821.9  -117.1282257    32.5537257     3.49
54   487960.8  3601821.6  -117.1282356    32.5537224     3.41
55   487959.9  3601821.2  -117.1282455    32.5537191     3.36
56   487959.0  3601820.8  -117.1282554    32.5537158     3.31
57   487958.0  3601820.5  -117.1282653    32.5537125     3.28
58   487957.1  3601820.1  -117.1282753    32.5537092     3.19
59   487956.2  3601819.7  -117.1282852    32.5537059     3.10
60   487955.2  3601819.4  -117.1282951    32.5537026     3.07
61   487954.3  3601819.0  -117.1283050    32.5536994     2.97
62   487953.4  3601818.7  -117.1283149    32.5536961     2.89
63   487952.4  3601818.3  -117.1283248    32.5536928     2.79
64   487951.5  3601817.9  -117.1283348    32.5536895     2.70
65   487950.6  3601817.6  -117.1283447    32.5536862     2.59
66   487949.6  3601817.2  -117.1283546    32.5536829     2.44
67   487948.7  3601816.8  -117.1283645    32.5536796     2.32
68   487947.8  3601816.5  -117.1283744    32.5536763     2.22
69   487946.8  3601816.1  -117.1283844    32.5536730     2.05
70   487945.9  3601815.8  -117.1283943    32.5536697     1.96
71   487945.0  3601815.4  -117.1284042    32.5536665     1.86
72   487944.0  3601815.0  -117.1284141    32.5536632     1.73
73   487943.1  3601814.7  -117.1284240    32.5536599     1.65
74   487942.2  3601814.3  -117.1284339    32.5536566     1.58
75   487941.3  3601813.9  -117.1284439    32.5536533     1.54
76   487940.3  3601813.6  -117.1284538    32.5536500     1.48
77   487939.4  3601813.2  -117.1284637    32.5536467     1.42
78   487938.5  3601812.8  -117.1284736    32.5536434     1.33
79   487937.5  3601812.5  -117.1284835    32.5536401     1.28
80   487936.6  3601812.1  -117.1284934    32.5536369     1.24
81   487935.7  3601811.8  -117.1285034    32.5536336     1.16
82   487934.7  3601811.4  -117.1285133    32.5536303     1.12
83   487933.8  3601811.0  -117.1285232    32.5536270     1.08
84   487932.9  3601810.7  -117.1285331    32.5536237     1.02
85   487931.9  3601810.3  -117.1285430    32.5536204     0.97
86   487931.0  3601809.9  -117.1285530    32.5536171     0.94
87   487930.1  3601809.6  -117.1285629    32.5536138     0.88
88   487929.1  3601809.2  -117.1285728    32.5536105     0.84
89   487928.2  3601808.8  -117.1285827    32.5536072     0.80
90   487927.3  3601808.5  -117.1285926    32.5536040     0.75
91   487926.3  3601808.1  -117.1286025    32.5536007     0.79
92   487925.4  3601807.8  -117.1286125    32.5535974     0.75
93   487924.5  3601807.4  -117.1286224    32.5535941     0.72
94   487923.6  3601807.0  -117.1286323    32.5535908     0.67
95   487922.6  3601806.7  -117.1286422    32.5535875     0.63
96   487921.7  3601806.3  -117.1286521    32.5535842     0.59
97   487920.8  3601805.9  -117.1286621    32.5535809     0.56
98   487919.8  3601805.6  -117.1286720    32.5535776     0.54
99   487918.9  3601805.2  -117.1286819    32.5535744     0.50
100   487918.0  3601804.8  -117.1286918    32.5535711     0.49
101   487917.0  3601804.5  -117.1287017    32.5535678     0.70
102   487916.1  3601804.1  -117.1287116    32.5535645     0.68
103   487915.2  3601803.8  -117.1287216    32.5535612     0.67
104   487914.2  3601803.4  -117.1287315    32.5535579     0.66
105   487913.3  3601803.0  -117.1287414    32.5535546     0.65
106   487912.4  3601802.7  -117.1287513    32.5535513     0.65
107   487911.4  3601802.3  -117.1287612    32.5535480     0.64
108   487910.5  3601801.9  -117.1287712    32.5535447     0.64
109   487909.6  3601801.6  -117.1287811    32.5535415     0.63
110   487908.6  3601801.2  -117.1287910    32.5535382     0.63
111   487907.7  3601800.8  -117.1288009    32.5535349     0.62
112   487906.8  3601800.5  -117.1288108    32.5535316     0.62
113   487905.9  3601800.1  -117.1288207    32.5535283     0.61
114   487904.9  3601799.8  -117.1288307    32.5535250     0.59
115   487904.0  3601799.4  -117.1288406    32.5535217     0.58
116   487903.1  3601799.0  -117.1288505    32.5535184     0.57
117   487902.1  3601798.7  -117.1288604    32.5535151     0.55
118   487901.2  3601798.3  -117.1288703    32.5535119     0.54
119   487900.3  3601797.9  -117.1288803    32.5535086     0.52
120   487899.3  3601797.6  -117.1288902    32.5535053     0.50
121   487898.4  3601797.2  -117.1289001    32.5535020     0.48
122   487897.5  3601796.8  -117.1289100    32.5534987     0.47
123   487896.5  3601796.5  -117.1289199    32.5534954     0.46
124   487895.6  3601796.1  -117.1289298    32.5534921     0.44
125   487894.7  3601795.8  -117.1289398    32.5534888     0.44
126   487893.7  3601795.4  -117.1289497    32.5534855     0.42
127   487892.8  3601795.0  -117.1289596    32.5534822     0.39
128   487891.9  3601794.7  -117.1289695    32.5534790     0.39
129   487890.9  3601794.3  -117.1289794    32.5534757     0.37
130   487890.0  3601793.9  -117.1289894    32.5534724     0.36
131   487889.1  3601793.6  -117.1289993    32.5534691     0.33
132   487888.2  3601793.2  -117.1290092    32.5534658     0.31
133   487887.2  3601792.8  -117.1290191    32.5534625     0.29
134   487886.3  3601792.5  -117.1290290    32.5534592     0.26
135   487885.4  3601792.1  -117.1290389    32.5534559     0.25
136   487884.4  3601791.8  -117.1290489    32.5534526     0.23
137   487883.5  3601791.4  -117.1290588    32.5534494     0.22
138   487882.6  3601791.0  -117.1290687    32.5534461     0.17
