-12   470838.3  3660956.6  -117.3124770    33.0868315      NaN
-11   470837.3  3660956.3  -117.3124872    33.0868289      NaN
-10   470836.4  3660956.0  -117.3124975    33.0868263      NaN
-9   470835.4  3660955.7  -117.3125077    33.0868236     5.99
-8   470834.4  3660955.4  -117.3125180    33.0868210     5.74
-7   470833.5  3660955.1  -117.3125282    33.0868184     5.78
-6   470832.5  3660954.8  -117.3125385    33.0868158     5.57
-5   470831.6  3660954.5  -117.3125487    33.0868131     5.48
-4   470830.6  3660954.3  -117.3125590    33.0868105     6.02
-3   470829.7  3660954.0  -117.3125692    33.0868079     5.83
-2   470828.7  3660953.7  -117.3125795    33.0868053     5.73
-1   470827.7  3660953.4  -117.3125897    33.0868026     5.65
0   470826.8  3660953.1  -117.3126000    33.0868000     5.64
1   470825.8  3660952.8  -117.3126102    33.0867974     5.65
2   470824.9  3660952.5  -117.3126205    33.0867948     5.41
3   470823.9  3660952.2  -117.3126307    33.0867921     5.90
4   470822.9  3660951.9  -117.3126410    33.0867895     5.96
5   470822.0  3660951.7  -117.3126513    33.0867869     5.77
6   470821.0  3660951.4  -117.3126615    33.0867843      NaN
7   470820.1  3660951.1  -117.3126718    33.0867816     5.96
8   470819.1  3660950.8  -117.3126820    33.0867790     5.86
9   470818.2  3660950.5  -117.3126923    33.0867764      NaN
10   470817.2  3660950.2  -117.3127025    33.0867737      NaN
11   470816.2  3660949.9  -117.3127128    33.0867711      NaN
12   470815.3  3660949.6  -117.3127230    33.0867685     5.28
13   470814.3  3660949.4  -117.3127333    33.0867659     4.96
14   470813.4  3660949.1  -117.3127435    33.0867632     4.99
15   470812.4  3660948.8  -117.3127538    33.0867606     5.00
16   470811.5  3660948.5  -117.3127640    33.0867580     4.88
17   470810.5  3660948.2  -117.3127743    33.0867554     4.82
18   470809.5  3660947.9  -117.3127845    33.0867527     4.79
19   470808.6  3660947.6  -117.3127948    33.0867501     4.78
20   470807.6  3660947.3  -117.3128050    33.0867475     4.77
21   470806.7  3660947.0  -117.3128153    33.0867449     4.65
22   470805.7  3660946.8  -117.3128255    33.0867422     4.60
23   470804.8  3660946.5  -117.3128358    33.0867396     4.56
24   470803.8  3660946.2  -117.3128460    33.0867370     4.50
25   470802.8  3660945.9  -117.3128563    33.0867344     4.44
26   470801.9  3660945.6  -117.3128665    33.0867317     4.36
27   470800.9  3660945.3  -117.3128768    33.0867291      NaN
28   470800.0  3660945.0  -117.3128870    33.0867265     4.28
29   470799.0  3660944.7  -117.3128973    33.0867239     4.24
30   470798.1  3660944.5  -117.3129075    33.0867212     4.12
31   470797.1  3660944.2  -117.3129178    33.0867186     4.47
32   470796.1  3660943.9  -117.3129280    33.0867160     4.25
33   470795.2  3660943.6  -117.3129383    33.0867134     4.23
34   470794.2  3660943.3  -117.3129485    33.0867107     3.76
35   470793.3  3660943.0  -117.3129588    33.0867081     3.25
36   470792.3  3660942.7  -117.3129690    33.0867055     2.87
37   470791.3  3660942.4  -117.3129793    33.0867029     2.63
38   470790.4  3660942.1  -117.3129895    33.0867002     2.38
39   470789.4  3660941.9  -117.3129998    33.0866976     2.22
40   470788.5  3660941.6  -117.3130100    33.0866950     2.09
41   470787.5  3660941.3  -117.3130203    33.0866923     1.97
42   470786.6  3660941.0  -117.3130305    33.0866897     1.81
43   470785.6  3660940.7  -117.3130408    33.0866871     1.73
44   470784.6  3660940.4  -117.3130510    33.0866845     1.66
45   470783.7  3660940.1  -117.3130613    33.0866818     1.56
46   470782.7  3660939.8  -117.3130715    33.0866792     1.49
47   470781.8  3660939.6  -117.3130818    33.0866766     1.42
48   470780.8  3660939.3  -117.3130921    33.0866740     1.36
49   470779.9  3660939.0  -117.3131023    33.0866713     1.27
50   470778.9  3660938.7  -117.3131126    33.0866687     1.22
51   470777.9  3660938.4  -117.3131228    33.0866661     1.17
52   470777.0  3660938.1  -117.3131331    33.0866635     1.11
53   470776.0  3660937.8  -117.3131433    33.0866608     1.09
54   470775.1  3660937.5  -117.3131536    33.0866582     0.99
55   470774.1  3660937.2  -117.3131638    33.0866556     0.95
56   470773.2  3660937.0  -117.3131741    33.0866530     0.93
57   470772.2  3660936.7  -117.3131843    33.0866503     0.90
58   470771.2  3660936.4  -117.3131946    33.0866477     0.86
59   470770.3  3660936.1  -117.3132048    33.0866451     0.83
60   470769.3  3660935.8  -117.3132151    33.0866425     0.79
61   470768.4  3660935.5  -117.3132253    33.0866398     0.76
62   470767.4  3660935.2  -117.3132356    33.0866372     0.73
63   470766.5  3660934.9  -117.3132458    33.0866346     0.70
64   470765.5  3660934.7  -117.3132561    33.0866320     0.67
65   470764.5  3660934.4  -117.3132663    33.0866293     0.64
66   470763.6  3660934.1  -117.3132766    33.0866267     0.61
67   470762.6  3660933.8  -117.3132868    33.0866241     0.57
68   470761.7  3660933.5  -117.3132971    33.0866215     0.55
69   470760.7  3660933.2  -117.3133073    33.0866188     0.52
70   470759.7  3660932.9  -117.3133176    33.0866162     0.49
71   470758.8  3660932.6  -117.3133278    33.0866136     0.46
72   470757.8  3660932.3  -117.3133381    33.0866109     0.44
73   470756.9  3660932.1  -117.3133483    33.0866083     0.41
74   470755.9  3660931.8  -117.3133586    33.0866057     0.39
75   470755.0  3660931.5  -117.3133688    33.0866031     0.37
76   470754.0  3660931.2  -117.3133791    33.0866004     0.34
77   470753.0  3660930.9  -117.3133893    33.0865978     0.32
78   470752.1  3660930.6  -117.3133996    33.0865952     0.31
79   470751.1  3660930.3  -117.3134098    33.0865926     0.30
80   470750.2  3660930.0  -117.3134201    33.0865899     0.25
