-12   470745.2  3661235.6  -117.3134833    33.0893456     8.43
-11   470744.3  3661235.1  -117.3134931    33.0893418     7.51
-10   470743.4  3661234.7  -117.3135028    33.0893380     8.57
-9   470742.5  3661234.3  -117.3135125    33.0893342     8.16
-8   470741.5  3661233.9  -117.3135222    33.0893304     7.68
-7   470740.6  3661233.5  -117.3135320    33.0893266     7.36
-6   470739.7  3661233.0  -117.3135417    33.0893228     7.11
-5   470738.8  3661232.6  -117.3135514    33.0893190     7.08
-4   470737.9  3661232.2  -117.3135611    33.0893152     6.75
-3   470737.0  3661231.8  -117.3135708    33.0893114     6.61
-2   470736.1  3661231.4  -117.3135806    33.0893076     6.60
-1   470735.2  3661231.0  -117.3135903    33.0893038     6.46
0   470734.3  3661230.5  -117.3136000    33.0893000     6.30
1   470733.4  3661230.1  -117.3136097    33.0892962     6.19
2   470732.5  3661229.7  -117.3136194    33.0892924     6.08
3   470731.6  3661229.3  -117.3136292    33.0892886     5.97
4   470730.6  3661228.9  -117.3136389    33.0892848     5.88
5   470729.7  3661228.4  -117.3136486    33.0892810     5.77
6   470728.8  3661228.0  -117.3136583    33.0892772     5.72
7   470727.9  3661227.6  -117.3136680    33.0892734     5.68
8   470727.0  3661227.2  -117.3136778    33.0892696     5.66
9   470726.1  3661226.8  -117.3136875    33.0892658     5.61
10   470725.2  3661226.4  -117.3136972    33.0892620     5.54
11   470724.3  3661225.9  -117.3137069    33.0892583     5.50
12   470723.4  3661225.5  -117.3137166    33.0892545     5.46
13   470722.5  3661225.1  -117.3137264    33.0892507     5.40
14   470721.6  3661224.7  -117.3137361    33.0892469     5.34
15   470720.7  3661224.3  -117.3137458    33.0892431     5.36
16   470719.7  3661223.8  -117.3137555    33.0892393     5.30
17   470718.8  3661223.4  -117.3137652    33.0892355     5.23
18   470717.9  3661223.0  -117.3137750    33.0892317     5.13
19   470717.0  3661222.6  -117.3137847    33.0892279     5.06
20   470716.1  3661222.2  -117.3137944    33.0892241     4.99
21   470715.2  3661221.8  -117.3138041    33.0892203     4.97
22   470714.3  3661221.3  -117.3138138    33.0892165     4.92
23   470713.4  3661220.9  -117.3138236    33.0892127     4.89
24   470712.5  3661220.5  -117.3138333    33.0892089     4.89
25   470711.6  3661220.1  -117.3138430    33.0892051     4.89
26   470710.7  3661219.7  -117.3138527    33.0892013     4.92
27   470709.8  3661219.2  -117.3138625    33.0891975     4.96
28   470708.8  3661218.8  -117.3138722    33.0891937     5.07
29   470707.9  3661218.4  -117.3138819    33.0891899     4.91
30   470707.0  3661218.0  -117.3138916    33.0891861     4.45
31   470706.1  3661217.6  -117.3139013    33.0891823     4.06
32   470705.2  3661217.2  -117.3139111    33.0891785     3.82
33   470704.3  3661216.7  -117.3139208    33.0891747     3.67
34   470703.4  3661216.3  -117.3139305    33.0891710     3.66
35   470702.5  3661215.9  -117.3139402    33.0891672     3.66
36   470701.6  3661215.5  -117.3139499    33.0891634     3.71
37   470700.7  3661215.1  -117.3139597    33.0891596     3.80
38   470699.8  3661214.6  -117.3139694    33.0891558     4.01
39   470698.9  3661214.2  -117.3139791    33.0891520     4.33
40   470697.9  3661213.8  -117.3139888    33.0891482     4.54
41   470697.0  3661213.4  -117.3139985    33.0891444     4.74
42   470696.1  3661213.0  -117.3140083    33.0891406     4.82
43   470695.2  3661212.6  -117.3140180    33.0891368     4.84
44   470694.3  3661212.1  -117.3140277    33.0891330     4.69
45   470693.4  3661211.7  -117.3140374    33.0891292     4.63
46   470692.5  3661211.3  -117.3140471    33.0891254     4.60
47   470691.6  3661210.9  -117.3140569    33.0891216     4.56
48   470690.7  3661210.5  -117.3140666    33.0891178     4.49
49   470689.8  3661210.0  -117.3140763    33.0891140     4.40
50   470688.9  3661209.6  -117.3140860    33.0891102     4.26
51   470688.0  3661209.2  -117.3140957    33.0891064     4.05
52   470687.0  3661208.8  -117.3141055    33.0891026     3.67
53   470686.1  3661208.4  -117.3141152    33.0890988     3.32
54   470685.2  3661208.0  -117.3141249    33.0890950     2.87
55   470684.3  3661207.5  -117.3141346    33.0890912     2.55
56   470683.4  3661207.1  -117.3141443    33.0890874     2.21
57   470682.5  3661206.7  -117.3141541    33.0890836     1.95
58   470681.6  3661206.3  -117.3141638    33.0890799     1.74
59   470680.7  3661205.9  -117.3141735    33.0890761     1.66
60   470679.8  3661205.4  -117.3141832    33.0890723     1.43
61   470678.9  3661205.0  -117.3141929    33.0890685     1.21
62   470678.0  3661204.6  -117.3142027    33.0890647     1.04
63   470677.1  3661204.2  -117.3142124    33.0890609     0.88
64   470676.1  3661203.8  -117.3142221    33.0890571     0.69
65   470675.2  3661203.4  -117.3142318    33.0890533     0.60
66   470674.3  3661202.9  -117.3142416    33.0890495     0.53
67   470673.4  3661202.5  -117.3142513    33.0890457     0.47
68   470672.5  3661202.1  -117.3142610    33.0890419     0.43
69   470671.6  3661201.7  -117.3142707    33.0890381     0.38
70   470670.7  3661201.3  -117.3142804    33.0890343     0.36
71   470669.8  3661200.8  -117.3142902    33.0890305     0.33
72   470668.9  3661200.4  -117.3142999    33.0890267     0.32
73   470668.0  3661200.0  -117.3143096    33.0890229     0.30
74   470667.1  3661199.6  -117.3143193    33.0890191     0.27
75   470666.2  3661199.2  -117.3143290    33.0890153     0.25
76   470665.2  3661198.8  -117.3143388    33.0890115     0.23
77   470664.3  3661198.3  -117.3143485    33.0890077     0.20
78   470663.4  3661197.9  -117.3143582    33.0890039     0.18
79   470662.5  3661197.5  -117.3143679    33.0890001     0.16
80   470661.6  3661197.1  -117.3143776    33.0889963     0.14
81   470660.7  3661196.7  -117.3143874    33.0889925     0.12
82   470659.8  3661196.3  -117.3143971    33.0889888     0.09
83   470658.9  3661195.8  -117.3144068    33.0889850     0.07
84   470658.0  3661195.4  -117.3144165    33.0889812     0.06
85   470657.1  3661195.0  -117.3144262    33.0889774     0.05
86   470656.2  3661194.6  -117.3144360    33.0889736     0.02
