-3   486888.8  3610079.8  -117.1397693    32.6282076     3.92
-2   486887.9  3610079.6  -117.1397795    32.6282051     3.83
-1   486886.9  3610079.3  -117.1397898    32.6282026     3.84
0   486886.0  3610079.0  -117.1398000    32.6282000     3.90
1   486885.0  3610078.7  -117.1398102    32.6281975     3.94
2   486884.0  3610078.4  -117.1398205    32.6281949     4.00
3   486883.1  3610078.2  -117.1398307    32.6281924     4.05
4   486882.1  3610077.9  -117.1398409    32.6281898     4.10
5   486881.2  3610077.6  -117.1398511    32.6281873     4.12
6   486880.2  3610077.3  -117.1398614    32.6281847     4.13
7   486879.2  3610077.0  -117.1398716    32.6281822     4.11
8   486878.3  3610076.8  -117.1398818    32.6281797     4.10
9   486877.3  3610076.5  -117.1398920    32.6281771     4.05
10   486876.4  3610076.2  -117.1399023    32.6281746     4.04
11   486875.4  3610075.9  -117.1399125    32.6281720     3.97
12   486874.4  3610075.6  -117.1399227    32.6281695     3.91
13   486873.5  3610075.4  -117.1399330    32.6281669     3.89
14   486872.5  3610075.1  -117.1399432    32.6281644     3.84
15   486871.6  3610074.8  -117.1399534    32.6281619     3.86
16   486870.6  3610074.5  -117.1399636    32.6281593     3.81
17   486869.6  3610074.2  -117.1399739    32.6281568     3.75
18   486868.7  3610073.9  -117.1399841    32.6281542     3.67
19   486867.7  3610073.7  -117.1399943    32.6281517     3.62
20   486866.8  3610073.4  -117.1400046    32.6281491     3.55
21   486865.8  3610073.1  -117.1400148    32.6281466     3.47
22   486864.8  3610072.8  -117.1400250    32.6281440     3.33
23   486863.9  3610072.5  -117.1400352    32.6281415     3.16
24   486862.9  3610072.3  -117.1400455    32.6281390     3.00
25   486862.0  3610072.0  -117.1400557    32.6281364     2.79
26   486861.0  3610071.7  -117.1400659    32.6281339     2.67
27   486860.0  3610071.4  -117.1400761    32.6281313     2.55
28   486859.1  3610071.1  -117.1400864    32.6281288     2.39
29   486858.1  3610070.9  -117.1400966    32.6281262     2.29
30   486857.2  3610070.6  -117.1401068    32.6281237     2.18
31   486856.2  3610070.3  -117.1401171    32.6281211     2.08
32   486855.2  3610070.0  -117.1401273    32.6281186     1.94
33   486854.3  3610069.7  -117.1401375    32.6281161     1.85
34   486853.3  3610069.5  -117.1401477    32.6281135     1.76
35   486852.4  3610069.2  -117.1401580    32.6281110     1.65
36   486851.4  3610068.9  -117.1401682    32.6281084     1.58
37   486850.5  3610068.6  -117.1401784    32.6281059     1.52
38   486849.5  3610068.3  -117.1401887    32.6281033     1.46
39   486848.5  3610068.1  -117.1401989    32.6281008     1.38
40   486847.6  3610067.8  -117.1402091    32.6280983     1.33
41   486846.6  3610067.5  -117.1402193    32.6280957     1.28
42   486845.7  3610067.2  -117.1402296    32.6280932     1.27
43   486844.7  3610066.9  -117.1402398    32.6280906     1.17
44   486843.7  3610066.6  -117.1402500    32.6280881     1.12
45   486842.8  3610066.4  -117.1402602    32.6280855     1.11
46   486841.8  3610066.1  -117.1402705    32.6280830     1.07
47   486840.9  3610065.8  -117.1402807    32.6280804     1.03
48   486839.9  3610065.5  -117.1402909    32.6280779     0.99
49   486838.9  3610065.2  -117.1403012    32.6280754     0.94
50   486838.0  3610065.0  -117.1403114    32.6280728     0.90
51   486837.0  3610064.7  -117.1403216    32.6280703     0.86
52   486836.1  3610064.4  -117.1403318    32.6280677     0.83
53   486835.1  3610064.1  -117.1403421    32.6280652     0.79
54   486834.1  3610063.8  -117.1403523    32.6280626     0.76
55   486833.2  3610063.6  -117.1403625    32.6280601     0.73
56   486832.2  3610063.3  -117.1403727    32.6280576     0.70
57   486831.3  3610063.0  -117.1403830    32.6280550     0.67
58   486830.3  3610062.7  -117.1403932    32.6280525     0.64
59   486829.3  3610062.4  -117.1404034    32.6280499     0.62
60   486828.4  3610062.2  -117.1404137    32.6280474     0.58
61   486827.4  3610061.9  -117.1404239    32.6280448     0.56
62   486826.5  3610061.6  -117.1404341    32.6280423     0.54
63   486825.5  3610061.3  -117.1404443    32.6280397     0.51
64   486824.5  3610061.0  -117.1404546    32.6280372     0.49
65   486823.6  3610060.8  -117.1404648    32.6280347     0.47
66   486822.6  3610060.5  -117.1404750    32.6280321     0.46
67   486821.7  3610060.2  -117.1404853    32.6280296     0.45
68   486820.7  3610059.9  -117.1404955    32.6280270     0.43
69   486819.7  3610059.6  -117.1405057    32.6280245     0.46
70   486818.8  3610059.4  -117.1405159    32.6280219     0.45
71   486817.8  3610059.1  -117.1405262    32.6280194     0.44
72   486816.9  3610058.8  -117.1405364    32.6280169     0.43
73   486815.9  3610058.5  -117.1405466    32.6280143     0.41
74   486814.9  3610058.2  -117.1405568    32.6280118     0.40
75   486814.0  3610057.9  -117.1405671    32.6280092     0.40
76   486813.0  3610057.7  -117.1405773    32.6280067     0.40
77   486812.1  3610057.4  -117.1405875    32.6280041     0.39
78   486811.1  3610057.1  -117.1405978    32.6280016     0.39
79   486810.1  3610056.8  -117.1406080    32.6279990     0.38
80   486809.2  3610056.5  -117.1406182    32.6279965     0.22
81   486808.2  3610056.3  -117.1406284    32.6279940      NaN
82   486807.3  3610056.0  -117.1406387    32.6279914      NaN
83   486806.3  3610055.7  -117.1406489    32.6279889      NaN
84   486805.3  3610055.4  -117.1406591    32.6279863      NaN
85   486804.4  3610055.1  -117.1406694    32.6279838      NaN
86   486803.4  3610054.9  -117.1406796    32.6279812      NaN
87   486802.5  3610054.6  -117.1406898    32.6279787      NaN
88   486801.5  3610054.3  -117.1407000    32.6279762      NaN
89   486800.5  3610054.0  -117.1407103    32.6279736      NaN
90   486799.6  3610053.7  -117.1407205    32.6279711     0.15
91   486798.6  3610053.5  -117.1407307    32.6279685     0.22
92   486797.7  3610053.2  -117.1407409    32.6279660      NaN
93   486796.7  3610052.9  -117.1407512    32.6279634      NaN
94   486795.7  3610052.6  -117.1407614    32.6279609      NaN
95   486794.8  3610052.3  -117.1407716    32.6279583      NaN
96   486793.8  3610052.1  -117.1407819    32.6279558      NaN
97   486792.9  3610051.8  -117.1407921    32.6279533      NaN
98   486791.9  3610051.5  -117.1408023    32.6279507     0.10
