3   485920.5  3612373.4  -117.1501270    32.6488855     4.45
4   485919.6  3612372.9  -117.1501360    32.6488806     4.76
5   485918.8  3612372.3  -117.1501450    32.6488758     4.42
6   485917.9  3612371.8  -117.1501540    32.6488710     4.46
7   485917.1  3612371.2  -117.1501630    32.6488661     4.54
8   485916.2  3612370.7  -117.1501720    32.6488613     4.73
9   485915.4  3612370.2  -117.1501810    32.6488564     4.80
10   485914.6  3612369.6  -117.1501900    32.6488516     4.69
11   485913.7  3612369.1  -117.1501990    32.6488468     4.71
12   485912.9  3612368.6  -117.1502080    32.6488419     4.73
13   485912.0  3612368.0  -117.1502170    32.6488371     4.76
14   485911.2  3612367.5  -117.1502260    32.6488323     4.68
15   485910.3  3612367.0  -117.1502350    32.6488274     4.57
16   485909.5  3612366.4  -117.1502440    32.6488226     4.50
17   485908.6  3612365.9  -117.1502530    32.6488177     4.61
18   485907.8  3612365.4  -117.1502620    32.6488129     4.65
19   485907.0  3612364.8  -117.1502710    32.6488081     4.66
20   485906.1  3612364.3  -117.1502800    32.6488032     4.67
21   485905.3  3612363.8  -117.1502890    32.6487984     4.68
22   485904.4  3612363.2  -117.1502980    32.6487935     4.68
23   485903.6  3612362.7  -117.1503070    32.6487887     4.47
24   485902.7  3612362.1  -117.1503160    32.6487839     4.44
25   485901.9  3612361.6  -117.1503250    32.6487790     4.44
26   485901.0  3612361.1  -117.1503340    32.6487742     4.26
27   485900.2  3612360.5  -117.1503430    32.6487693      NaN
28   485899.4  3612360.0  -117.1503519    32.6487645      NaN
29   485898.5  3612359.5  -117.1503609    32.6487597      NaN
30   485897.7  3612358.9  -117.1503699    32.6487548      NaN
31   485896.8  3612358.4  -117.1503789    32.6487500      NaN
32   485896.0  3612357.9  -117.1503879    32.6487451      NaN
33   485895.1  3612357.3  -117.1503969    32.6487403      NaN
34   485894.3  3612356.8  -117.1504059    32.6487355      NaN
35   485893.4  3612356.3  -117.1504149    32.6487306      NaN
36   485892.6  3612355.7  -117.1504239    32.6487258      NaN
37   485891.8  3612355.2  -117.1504329    32.6487209      NaN
38   485890.9  3612354.7  -117.1504419    32.6487161      NaN
39   485890.1  3612354.1  -117.1504509    32.6487113      NaN
40   485889.2  3612353.6  -117.1504599    32.6487064     4.42
41   485888.4  3612353.0  -117.1504689    32.6487016     4.38
42   485887.5  3612352.5  -117.1504779    32.6486967     4.32
43   485886.7  3612352.0  -117.1504869    32.6486919     4.34
44   485885.8  3612351.4  -117.1504959    32.6486871     4.30
45   485885.0  3612350.9  -117.1505049    32.6486822     4.32
46   485884.2  3612350.4  -117.1505139    32.6486774     4.33
47   485883.3  3612349.8  -117.1505229    32.6486725     4.30
48   485882.5  3612349.3  -117.1505319    32.6486677     4.26
49   485881.6  3612348.8  -117.1505409    32.6486629     4.25
50   485880.8  3612348.2  -117.1505499    32.6486580     4.29
51   485879.9  3612347.7  -117.1505589    32.6486532     4.68
52   485879.1  3612347.2  -117.1505679    32.6486483     4.52
53   485878.2  3612346.6  -117.1505769    32.6486435     4.45
54   485877.4  3612346.1  -117.1505859    32.6486387     4.41
55   485876.5  3612345.6  -117.1505949    32.6486338     4.28
56   485875.7  3612345.0  -117.1506039    32.6486290     4.20
57   485874.9  3612344.5  -117.1506129    32.6486241     4.08
58   485874.0  3612343.9  -117.1506219    32.6486193     3.81
59   485873.2  3612343.4  -117.1506309    32.6486145     3.43
60   485872.3  3612342.9  -117.1506399    32.6486096     3.26
61   485871.5  3612342.3  -117.1506489    32.6486048     2.99
62   485870.6  3612341.8  -117.1506579    32.6485999     2.84
63   485869.8  3612341.3  -117.1506669    32.6485951     2.64
64   485868.9  3612340.7  -117.1506759    32.6485903     2.57
65   485868.1  3612340.2  -117.1506849    32.6485854     2.45
66   485867.3  3612339.7  -117.1506939    32.6485806     2.28
67   485866.4  3612339.1  -117.1507029    32.6485757     2.18
68   485865.6  3612338.6  -117.1507119    32.6485709     2.05
69   485864.7  3612338.1  -117.1507209    32.6485661     1.97
70   485863.9  3612337.5  -117.1507299    32.6485612     1.93
71   485863.0  3612337.0  -117.1507389    32.6485564     1.86
72   485862.2  3612336.5  -117.1507479    32.6485515     1.75
73   485861.3  3612335.9  -117.1507569    32.6485467     1.68
74   485860.5  3612335.4  -117.1507659    32.6485419     1.59
75   485859.7  3612334.8  -117.1507749    32.6485370     1.54
76   485858.8  3612334.3  -117.1507839    32.6485322     1.45
77   485858.0  3612333.8  -117.1507929    32.6485273     1.43
78   485857.1  3612333.2  -117.1508019    32.6485225     1.37
79   485856.3  3612332.7  -117.1508109    32.6485177     1.30
80   485855.4  3612332.2  -117.1508199    32.6485128     1.25
81   485854.6  3612331.6  -117.1508289    32.6485080     1.18
82   485853.7  3612331.1  -117.1508379    32.6485031     1.14
83   485852.9  3612330.6  -117.1508469    32.6484983     1.12
84   485852.1  3612330.0  -117.1508559    32.6484935     1.08
85   485851.2  3612329.5  -117.1508648    32.6484886     1.03
86   485850.4  3612329.0  -117.1508738    32.6484838     0.99
87   485849.5  3612328.4  -117.1508828    32.6484789     0.94
88   485848.7  3612327.9  -117.1508918    32.6484741     0.91
89   485847.8  3612327.4  -117.1509008    32.6484693     0.90
90   485847.0  3612326.8  -117.1509098    32.6484644     0.86
91   485846.1  3612326.3  -117.1509188    32.6484596     0.83
92   485845.3  3612325.7  -117.1509278    32.6484547     0.79
93   485844.5  3612325.2  -117.1509368    32.6484499     0.78
94   485843.6  3612324.7  -117.1509458    32.6484451     0.73
95   485842.8  3612324.1  -117.1509548    32.6484402     0.70
96   485841.9  3612323.6  -117.1509638    32.6484354     0.69
97   485841.1  3612323.1  -117.1509728    32.6484305     0.67
98   485840.2  3612322.5  -117.1509818    32.6484257     0.65
99   485839.4  3612322.0  -117.1509908    32.6484209     0.58
100   485838.5  3612321.5  -117.1509998    32.6484160     0.55
