-18   486762.5  3610451.7  -117.1411219    32.6315605     3.87
-17   486761.5  3610451.3  -117.1411318    32.6315571     3.87
-16   486760.6  3610450.9  -117.1411417    32.6315538     3.84
-15   486759.7  3610450.6  -117.1411516    32.6315504     3.82
-14   486758.7  3610450.2  -117.1411615    32.6315471     3.82
-13   486757.8  3610449.8  -117.1411714    32.6315437     3.81
-12   486756.9  3610449.5  -117.1411813    32.6315403     3.82
-11   486756.0  3610449.1  -117.1411912    32.6315370     3.80
-10   486755.0  3610448.7  -117.1412011    32.6315336     3.78
-9   486754.1  3610448.3  -117.1412110    32.6315303     3.84
-8   486753.2  3610448.0  -117.1412209    32.6315269     3.84
-7   486752.2  3610447.6  -117.1412307    32.6315235     3.82
-6   486751.3  3610447.2  -117.1412406    32.6315202     3.80
-5   486750.4  3610446.9  -117.1412505    32.6315168     3.74
-4   486749.5  3610446.5  -117.1412604    32.6315134     3.77
-3   486748.5  3610446.1  -117.1412703    32.6315101     3.81
-2   486747.6  3610445.7  -117.1412802    32.6315067     3.75
-1   486746.7  3610445.4  -117.1412901    32.6315034     3.74
0   486745.7  3610445.0  -117.1413000    32.6315000     3.71
1   486744.8  3610444.6  -117.1413099    32.6314966     3.70
2   486743.9  3610444.3  -117.1413198    32.6314933     3.65
3   486743.0  3610443.9  -117.1413297    32.6314899     3.59
4   486742.0  3610443.5  -117.1413396    32.6314866     3.54
5   486741.1  3610443.1  -117.1413495    32.6314832     3.49
6   486740.2  3610442.8  -117.1413594    32.6314798     3.42
7   486739.2  3610442.4  -117.1413693    32.6314765     3.36
8   486738.3  3610442.0  -117.1413791    32.6314731     3.36
9   486737.4  3610441.7  -117.1413890    32.6314698     3.20
10   486736.5  3610441.3  -117.1413989    32.6314664     3.14
11   486735.5  3610440.9  -117.1414088    32.6314630     3.12
12   486734.6  3610440.5  -117.1414187    32.6314597     3.07
13   486733.7  3610440.2  -117.1414286    32.6314563     3.00
14   486732.7  3610439.8  -117.1414385    32.6314530     2.91
15   486731.8  3610439.4  -117.1414484    32.6314496     2.82
16   486730.9  3610439.1  -117.1414583    32.6314462     2.73
17   486730.0  3610438.7  -117.1414682    32.6314429     2.64
18   486729.0  3610438.3  -117.1414781    32.6314395     2.56
19   486728.1  3610437.9  -117.1414880    32.6314362     2.47
20   486727.2  3610437.6  -117.1414979    32.6314328     2.41
21   486726.2  3610437.2  -117.1415078    32.6314294     2.36
22   486725.3  3610436.8  -117.1415176    32.6314261     2.29
23   486724.4  3610436.5  -117.1415275    32.6314227     2.22
24   486723.5  3610436.1  -117.1415374    32.6314193     2.19
25   486722.5  3610435.7  -117.1415473    32.6314160     2.12
26   486721.6  3610435.3  -117.1415572    32.6314126     2.06
27   486720.7  3610435.0  -117.1415671    32.6314093     1.99
28   486719.7  3610434.6  -117.1415770    32.6314059     1.96
29   486718.8  3610434.2  -117.1415869    32.6314025     1.92
30   486717.9  3610433.9  -117.1415968    32.6313992     1.87
31   486717.0  3610433.5  -117.1416067    32.6313958     1.83
32   486716.0  3610433.1  -117.1416166    32.6313925     1.78
33   486715.1  3610432.8  -117.1416265    32.6313891     1.74
34   486714.2  3610432.4  -117.1416364    32.6313857     1.70
35   486713.2  3610432.0  -117.1416463    32.6313824     1.64
36   486712.3  3610431.6  -117.1416562    32.6313790     1.60
37   486711.4  3610431.3  -117.1416660    32.6313757     1.59
38   486710.5  3610430.9  -117.1416759    32.6313723     1.54
39   486709.5  3610430.5  -117.1416858    32.6313689     1.50
40   486708.6  3610430.2  -117.1416957    32.6313656     1.45
41   486707.7  3610429.8  -117.1417056    32.6313622     1.41
42   486706.7  3610429.4  -117.1417155    32.6313589     1.38
43   486705.8  3610429.0  -117.1417254    32.6313555     1.33
44   486704.9  3610428.7  -117.1417353    32.6313521     1.30
45   486704.0  3610428.3  -117.1417452    32.6313488     1.27
46   486703.0  3610427.9  -117.1417551    32.6313454     1.23
47   486702.1  3610427.6  -117.1417650    32.6313420     1.20
48   486701.2  3610427.2  -117.1417749    32.6313387     1.16
49   486700.2  3610426.8  -117.1417848    32.6313353     1.13
50   486699.3  3610426.4  -117.1417947    32.6313320     1.11
51   486698.4  3610426.1  -117.1418046    32.6313286     1.10
52   486697.5  3610425.7  -117.1418144    32.6313252     1.07
53   486696.5  3610425.3  -117.1418243    32.6313219     1.05
54   486695.6  3610425.0  -117.1418342    32.6313185     1.02
55   486694.7  3610424.6  -117.1418441    32.6313152     1.00
56   486693.7  3610424.2  -117.1418540    32.6313118     0.97
57   486692.8  3610423.8  -117.1418639    32.6313084     0.95
58   486691.9  3610423.5  -117.1418738    32.6313051     0.93
59   486691.0  3610423.1  -117.1418837    32.6313017     0.90
60   486690.0  3610422.7  -117.1418936    32.6312984     0.88
61   486689.1  3610422.4  -117.1419035    32.6312950     0.87
62   486688.2  3610422.0  -117.1419134    32.6312916     0.85
63   486687.2  3610421.6  -117.1419233    32.6312883     0.83
64   486686.3  3610421.2  -117.1419332    32.6312849     0.82
65   486685.4  3610420.9  -117.1419431    32.6312816     0.81
66   486684.5  3610420.5  -117.1419529    32.6312782     0.79
67   486683.5  3610420.1  -117.1419628    32.6312748     0.65
68   486682.6  3610419.8  -117.1419727    32.6312715     0.63
69   486681.7  3610419.4  -117.1419826    32.6312681     0.62
70   486680.7  3610419.0  -117.1419925    32.6312647     0.59
71   486679.8  3610418.6  -117.1420024    32.6312614     0.58
72   486678.9  3610418.3  -117.1420123    32.6312580     0.55
73   486678.0  3610417.9  -117.1420222    32.6312547     0.53
74   486677.0  3610417.5  -117.1420321    32.6312513     0.52
75   486676.1  3610417.2  -117.1420420    32.6312479     0.51
76   486675.2  3610416.8  -117.1420519    32.6312446     0.51
77   486674.2  3610416.4  -117.1420618    32.6312412     0.49
78   486673.3  3610416.0  -117.1420717    32.6312379     0.48
