-10   485875.0  3612458.5  -117.1506136    32.6496528     4.49
-9   485874.1  3612457.9  -117.1506222    32.6496475     4.60
-8   485873.3  3612457.3  -117.1506308    32.6496423     4.54
-7   485872.5  3612456.8  -117.1506395    32.6496370     4.50
-6   485871.7  3612456.2  -117.1506481    32.6496317     4.48
-5   485870.9  3612455.6  -117.1506568    32.6496264     4.48
-4   485870.1  3612455.0  -117.1506654    32.6496211     4.45
-3   485869.3  3612454.4  -117.1506741    32.6496159     4.45
-2   485868.5  3612453.8  -117.1506827    32.6496106     4.43
-1   485867.7  3612453.3  -117.1506914    32.6496053     4.40
0   485866.8  3612452.7  -117.1507000    32.6496000     4.85
1   485866.0  3612452.1  -117.1507086    32.6495947     4.75
2   485865.2  3612451.5  -117.1507173    32.6495894     4.67
3   485864.4  3612450.9  -117.1507259    32.6495842     4.67
4   485863.6  3612450.3  -117.1507346    32.6495789     4.65
5   485862.8  3612449.7  -117.1507432    32.6495736     4.68
6   485862.0  3612449.2  -117.1507519    32.6495683     4.67
7   485861.2  3612448.6  -117.1507605    32.6495630     4.56
8   485860.4  3612448.0  -117.1507692    32.6495578     4.45
9   485859.5  3612447.4  -117.1507778    32.6495525     4.38
10   485858.7  3612446.8  -117.1507864    32.6495472     4.35
11   485857.9  3612446.2  -117.1507951    32.6495419     4.28
12   485857.1  3612445.7  -117.1508037    32.6495366     4.22
13   485856.3  3612445.1  -117.1508124    32.6495313     4.17
14   485855.5  3612444.5  -117.1508210    32.6495261     4.06
15   485854.7  3612443.9  -117.1508297    32.6495208     3.95
16   485853.9  3612443.3  -117.1508383    32.6495155     3.92
17   485853.0  3612442.7  -117.1508470    32.6495102     3.90
18   485852.2  3612442.2  -117.1508556    32.6495049     3.88
19   485851.4  3612441.6  -117.1508642    32.6494997     3.88
20   485850.6  3612441.0  -117.1508729    32.6494944     3.83
21   485849.8  3612440.4  -117.1508815    32.6494891     4.19
22   485849.0  3612439.8  -117.1508902    32.6494838     4.11
23   485848.2  3612439.2  -117.1508988    32.6494785     4.07
24   485847.4  3612438.6  -117.1509075    32.6494733     4.01
25   485846.6  3612438.1  -117.1509161    32.6494680     3.94
26   485845.7  3612437.5  -117.1509248    32.6494627     3.91
27   485844.9  3612436.9  -117.1509334    32.6494574     3.90
28   485844.1  3612436.3  -117.1509420    32.6494521     3.91
29   485843.3  3612435.7  -117.1509507    32.6494468     3.98
30   485842.5  3612435.1  -117.1509593    32.6494416     3.97
31   485841.7  3612434.6  -117.1509680    32.6494363     4.09
32   485840.9  3612434.0  -117.1509766    32.6494310     4.10
33   485840.1  3612433.4  -117.1509853    32.6494257     4.07
34   485839.3  3612432.8  -117.1509939    32.6494204     3.90
35   485838.4  3612432.2  -117.1510025    32.6494152     3.86
36   485837.6  3612431.6  -117.1510112    32.6494099     3.88
37   485836.8  3612431.1  -117.1510198    32.6494046     4.06
38   485836.0  3612430.5  -117.1510285    32.6493993     4.09
39   485835.2  3612429.9  -117.1510371    32.6493940     4.00
40   485834.4  3612429.3  -117.1510458    32.6493887     3.94
41   485833.6  3612428.7  -117.1510544    32.6493835     3.89
42   485832.8  3612428.1  -117.1510631    32.6493782     3.81
43   485831.9  3612427.5  -117.1510717    32.6493729     3.83
44   485831.1  3612427.0  -117.1510803    32.6493676     3.61
45   485830.3  3612426.4  -117.1510890    32.6493623     3.32
46   485829.5  3612425.8  -117.1510976    32.6493571     3.20
47   485828.7  3612425.2  -117.1511063    32.6493518     3.01
48   485827.9  3612424.6  -117.1511149    32.6493465     2.85
49   485827.1  3612424.0  -117.1511236    32.6493412     2.71
50   485826.3  3612423.5  -117.1511322    32.6493359     2.67
51   485825.5  3612422.9  -117.1511409    32.6493307     2.58
52   485824.6  3612422.3  -117.1511495    32.6493254     2.45
53   485823.8  3612421.7  -117.1511581    32.6493201     2.37
54   485823.0  3612421.1  -117.1511668    32.6493148     2.27
55   485822.2  3612420.5  -117.1511754    32.6493095     2.19
56   485821.4  3612419.9  -117.1511841    32.6493042     2.15
57   485820.6  3612419.4  -117.1511927    32.6492990     2.05
58   485819.8  3612418.8  -117.1512014    32.6492937     1.99
59   485819.0  3612418.2  -117.1512100    32.6492884     1.89
60   485818.2  3612417.6  -117.1512187    32.6492831     1.83
61   485817.3  3612417.0  -117.1512273    32.6492778     1.80
62   485816.5  3612416.4  -117.1512359    32.6492726     1.74
63   485815.7  3612415.9  -117.1512446    32.6492673     1.66
64   485814.9  3612415.3  -117.1512532    32.6492620     1.59
65   485814.1  3612414.7  -117.1512619    32.6492567     1.54
66   485813.3  3612414.1  -117.1512705    32.6492514     1.52
67   485812.5  3612413.5  -117.1512792    32.6492461     1.48
68   485811.7  3612412.9  -117.1512878    32.6492409     1.41
69   485810.8  3612412.4  -117.1512965    32.6492356     1.37
70   485810.0  3612411.8  -117.1513051    32.6492303     1.31
71   485809.2  3612411.2  -117.1513137    32.6492250     1.29
72   485808.4  3612410.6  -117.1513224    32.6492197     1.25
73   485807.6  3612410.0  -117.1513310    32.6492145     1.23
74   485806.8  3612409.4  -117.1513397    32.6492092     1.22
75   485806.0  3612408.8  -117.1513483    32.6492039     1.09
76   485805.2  3612408.3  -117.1513570    32.6491986     1.05
77   485804.4  3612407.7  -117.1513656    32.6491933     1.01
78   485803.5  3612407.1  -117.1513743    32.6491881     0.98
79   485802.7  3612406.5  -117.1513829    32.6491828     0.96
80   485801.9  3612405.9  -117.1513915    32.6491775     0.92
81   485801.1  3612405.3  -117.1514002    32.6491722     0.89
82   485800.3  3612404.8  -117.1514088    32.6491669     0.84
83   485799.5  3612404.2  -117.1514175    32.6491616     0.81
84   485798.7  3612403.6  -117.1514261    32.6491564     0.80
85   485797.9  3612403.0  -117.1514348    32.6491511     0.77
86   485797.1  3612402.4  -117.1514434    32.6491458     0.73
87   485796.2  3612401.8  -117.1514520    32.6491405     0.70
88   485795.4  3612401.3  -117.1514607    32.6491352     0.70
89   485794.6  3612400.7  -117.1514693    32.6491300     0.69
90   485793.8  3612400.1  -117.1514780    32.6491247     0.66
