45   486079.8  3612009.8  -117.1484224    32.6456074     4.76
46   486078.9  3612009.3  -117.1484318    32.6456032     4.72
47   486078.1  3612008.8  -117.1484412    32.6455989     4.67
48   486077.2  3612008.4  -117.1484505    32.6455946     4.64
49   486076.3  3612007.9  -117.1484599    32.6455903     4.64
50   486075.4  3612007.4  -117.1484693    32.6455861     4.68
51   486074.5  3612006.9  -117.1484787    32.6455818     4.62
52   486073.7  3612006.5  -117.1484881    32.6455775     4.62
53   486072.8  3612006.0  -117.1484975    32.6455732     4.62
54   486071.9  3612005.5  -117.1485069    32.6455689     4.63
55   486071.0  3612005.0  -117.1485163    32.6455647     4.60
56   486070.1  3612004.6  -117.1485256    32.6455604     4.55
57   486069.3  3612004.1  -117.1485350    32.6455561     4.53
58   486068.4  3612003.6  -117.1485444    32.6455518     4.58
59   486067.5  3612003.2  -117.1485538    32.6455475     4.54
60   486066.6  3612002.7  -117.1485632    32.6455433     4.54
61   486065.7  3612002.2  -117.1485726    32.6455390     4.48
62   486064.9  3612001.7  -117.1485820    32.6455347     4.39
63   486064.0  3612001.3  -117.1485913    32.6455304     4.17
64   486063.1  3612000.8  -117.1486007    32.6455261     3.99
65   486062.2  3612000.3  -117.1486101    32.6455219     3.89
66   486061.3  3611999.8  -117.1486195    32.6455176     3.60
67   486060.4  3611999.4  -117.1486289    32.6455133     3.23
68   486059.6  3611998.9  -117.1486383    32.6455090     3.07
69   486058.7  3611998.4  -117.1486477    32.6455047     2.91
70   486057.8  3611998.0  -117.1486570    32.6455005     2.82
71   486056.9  3611997.5  -117.1486664    32.6454962     2.78
72   486056.0  3611997.0  -117.1486758    32.6454919     2.78
73   486055.2  3611996.5  -117.1486852    32.6454876     2.78
74   486054.3  3611996.1  -117.1486946    32.6454834     2.78
75   486053.4  3611995.6  -117.1487040    32.6454791     2.78
76   486052.5  3611995.1  -117.1487134    32.6454748     2.78
77   486051.6  3611994.6  -117.1487228    32.6454705     2.76
78   486050.8  3611994.2  -117.1487321    32.6454662     2.76
79   486049.9  3611993.7  -117.1487415    32.6454620     2.76
80   486049.0  3611993.2  -117.1487509    32.6454577     2.73
81   486048.1  3611992.7  -117.1487603    32.6454534     2.68
82   486047.2  3611992.3  -117.1487697    32.6454491     2.64
83   486046.4  3611991.8  -117.1487791    32.6454448     2.63
84   486045.5  3611991.3  -117.1487885    32.6454406     2.59
85   486044.6  3611990.9  -117.1487978    32.6454363     2.52
86   486043.7  3611990.4  -117.1488072    32.6454320     2.47
87   486042.8  3611989.9  -117.1488166    32.6454277     2.39
88   486041.9  3611989.4  -117.1488260    32.6454234     2.35
89   486041.1  3611989.0  -117.1488354    32.6454192     2.28
90   486040.2  3611988.5  -117.1488448    32.6454149     2.24
91   486039.3  3611988.0  -117.1488542    32.6454106     2.20
92   486038.4  3611987.5  -117.1488636    32.6454063     2.16
93   486037.5  3611987.1  -117.1488729    32.6454020     2.15
94   486036.7  3611986.6  -117.1488823    32.6453978     2.12
95   486035.8  3611986.1  -117.1488917    32.6453935     2.09
96   486034.9  3611985.6  -117.1489011    32.6453892     2.02
97   486034.0  3611985.2  -117.1489105    32.6453849     1.98
98   486033.1  3611984.7  -117.1489199    32.6453807     1.91
99   486032.3  3611984.2  -117.1489293    32.6453764     1.88
100   486031.4  3611983.8  -117.1489386    32.6453721     1.86
101   486030.5  3611983.3  -117.1489480    32.6453678     1.81
102   486029.6  3611982.8  -117.1489574    32.6453635     1.80
103   486028.7  3611982.3  -117.1489668    32.6453593     1.77
104   486027.8  3611981.9  -117.1489762    32.6453550     1.74
105   486027.0  3611981.4  -117.1489856    32.6453507     1.69
106   486026.1  3611980.9  -117.1489950    32.6453464     1.65
107   486025.2  3611980.4  -117.1490043    32.6453421     1.60
108   486024.3  3611980.0  -117.1490137    32.6453379     1.56
109   486023.4  3611979.5  -117.1490231    32.6453336     1.51
110   486022.6  3611979.0  -117.1490325    32.6453293     1.47
111   486021.7  3611978.6  -117.1490419    32.6453250     1.46
112   486020.8  3611978.1  -117.1490513    32.6453207     1.43
113   486019.9  3611977.6  -117.1490607    32.6453165     1.39
114   486019.0  3611977.1  -117.1490701    32.6453122     1.35
115   486018.2  3611976.7  -117.1490794    32.6453079     1.32
116   486017.3  3611976.2  -117.1490888    32.6453036     1.28
117   486016.4  3611975.7  -117.1490982    32.6452993     1.25
118   486015.5  3611975.2  -117.1491076    32.6452951     1.21
119   486014.6  3611974.8  -117.1491170    32.6452908     1.19
120   486013.8  3611974.3  -117.1491264    32.6452865     1.18
121   486012.9  3611973.8  -117.1491358    32.6452822     1.15
122   486012.0  3611973.3  -117.1491451    32.6452780     1.12
123   486011.1  3611972.9  -117.1491545    32.6452737     1.10
124   486010.2  3611972.4  -117.1491639    32.6452694     1.07
125   486009.3  3611971.9  -117.1491733    32.6452651     1.04
126   486008.5  3611971.5  -117.1491827    32.6452608     1.02
127   486007.6  3611971.0  -117.1491921    32.6452566     0.99
128   486006.7  3611970.5  -117.1492015    32.6452523     0.98
129   486005.8  3611970.0  -117.1492108    32.6452480     0.97
130   486004.9  3611969.6  -117.1492202    32.6452437     0.95
131   486004.1  3611969.1  -117.1492296    32.6452394     0.92
132   486003.2  3611968.6  -117.1492390    32.6452352     0.90
133   486002.3  3611968.1  -117.1492484    32.6452309     0.88
134   486001.4  3611967.7  -117.1492578    32.6452266     0.86
135   486000.5  3611967.2  -117.1492672    32.6452223     0.84
136   485999.7  3611966.7  -117.1492766    32.6452180     0.81
137   485998.8  3611966.3  -117.1492859    32.6452138     0.67
138   485997.9  3611965.8  -117.1492953    32.6452095     0.66
139   485997.0  3611965.3  -117.1493047    32.6452052     0.64
140   485996.1  3611964.8  -117.1493141    32.6452009     0.61
141   485995.3  3611964.4  -117.1493235    32.6451966     0.59
142   485994.4  3611963.9  -117.1493329    32.6451924     0.57
143   485993.5  3611963.4  -117.1493423    32.6451881     0.55
144   485992.6  3611962.9  -117.1493516    32.6451838     0.53
145   485991.7  3611962.5  -117.1493610    32.6451795     0.51
146   485990.8  3611962.0  -117.1493704    32.6451753     0.51
147   485990.0  3611961.5  -117.1493798    32.6451710     0.49
