-16   487405.7  3608041.5  -117.1342323    32.6098264     5.99
-15   487404.7  3608041.4  -117.1342428    32.6098247     5.56
-14   487403.7  3608041.2  -117.1342533    32.6098231     5.33
-13   487402.7  3608041.0  -117.1342638    32.6098214     5.26
-12   487401.7  3608040.8  -117.1342743    32.6098198     5.27
-11   487400.8  3608040.6  -117.1342847    32.6098182     5.33
-10   487399.8  3608040.5  -117.1342952    32.6098165     5.58
-9   487398.8  3608040.3  -117.1343057    32.6098149     5.47
-8   487397.8  3608040.1  -117.1343162    32.6098132     5.94
-7   487396.8  3608039.9  -117.1343266    32.6098116     5.91
-6   487395.8  3608039.7  -117.1343371    32.6098099     5.69
-5   487394.9  3608039.6  -117.1343476    32.6098083     5.52
-4   487393.9  3608039.4  -117.1343581    32.6098066     4.87
-3   487392.9  3608039.2  -117.1343686    32.6098050     4.97
-2   487391.9  3608039.0  -117.1343790    32.6098033     4.76
-1   487390.9  3608038.8  -117.1343895    32.6098017     4.67
0   487389.9  3608038.6  -117.1344000    32.6098000     4.65
1   487389.0  3608038.5  -117.1344105    32.6097984     4.56
2   487388.0  3608038.3  -117.1344210    32.6097967     4.52
3   487387.0  3608038.1  -117.1344314    32.6097951     4.50
4   487386.0  3608037.9  -117.1344419    32.6097934     4.39
5   487385.0  3608037.7  -117.1344524    32.6097918     4.23
6   487384.0  3608037.6  -117.1344629    32.6097901     4.05
7   487383.1  3608037.4  -117.1344733    32.6097885     3.86
8   487382.1  3608037.2  -117.1344838    32.6097868     3.75
9   487381.1  3608037.0  -117.1344943    32.6097852     3.68
10   487380.1  3608036.8  -117.1345048    32.6097835     3.61
11   487379.1  3608036.6  -117.1345153    32.6097819     3.58
12   487378.1  3608036.5  -117.1345257    32.6097802     3.61
13   487377.2  3608036.3  -117.1345362    32.6097786     3.53
14   487376.2  3608036.1  -117.1345467    32.6097769     3.46
15   487375.2  3608035.9  -117.1345572    32.6097753     3.40
16   487374.2  3608035.7  -117.1345677    32.6097736     3.35
17   487373.2  3608035.6  -117.1345781    32.6097720     3.30
18   487372.2  3608035.4  -117.1345886    32.6097703     3.26
19   487371.3  3608035.2  -117.1345991    32.6097687     3.22
20   487370.3  3608035.0  -117.1346096    32.6097670     3.18
21   487369.3  3608034.8  -117.1346200    32.6097654     3.13
22   487368.3  3608034.6  -117.1346305    32.6097637     3.05
23   487367.3  3608034.5  -117.1346410    32.6097621     2.96
24   487366.3  3608034.3  -117.1346515    32.6097604     2.91
25   487365.4  3608034.1  -117.1346620    32.6097588     2.84
26   487364.4  3608033.9  -117.1346724    32.6097571     2.77
27   487363.4  3608033.7  -117.1346829    32.6097555     2.68
28   487362.4  3608033.6  -117.1346934    32.6097538     2.58
29   487361.4  3608033.4  -117.1347039    32.6097522     2.51
30   487360.4  3608033.2  -117.1347144    32.6097505     2.44
31   487359.4  3608033.0  -117.1347248    32.6097489     2.38
32   487358.5  3608032.8  -117.1347353    32.6097472     2.31
33   487357.5  3608032.7  -117.1347458    32.6097456     2.22
34   487356.5  3608032.5  -117.1347563    32.6097439     2.21
35   487355.5  3608032.3  -117.1347667    32.6097423     2.12
36   487354.5  3608032.1  -117.1347772    32.6097406     2.05
37   487353.5  3608031.9  -117.1347877    32.6097390     1.99
38   487352.6  3608031.7  -117.1347982    32.6097373     1.94
39   487351.6  3608031.6  -117.1348087    32.6097357     1.89
40   487350.6  3608031.4  -117.1348191    32.6097340     1.85
41   487349.6  3608031.2  -117.1348296    32.6097324     1.79
42   487348.6  3608031.0  -117.1348401    32.6097307     1.74
43   487347.6  3608030.8  -117.1348506    32.6097291     1.68
44   487346.7  3608030.7  -117.1348610    32.6097274     1.63
45   487345.7  3608030.5  -117.1348715    32.6097258     1.56
46   487344.7  3608030.3  -117.1348820    32.6097241     1.51
47   487343.7  3608030.1  -117.1348925    32.6097225     1.46
48   487342.7  3608029.9  -117.1349030    32.6097208     1.41
49   487341.7  3608029.7  -117.1349134    32.6097192     1.36
50   487340.8  3608029.6  -117.1349239    32.6097175     1.31
51   487339.8  3608029.4  -117.1349344    32.6097159     1.26
52   487338.8  3608029.2  -117.1349449    32.6097142     1.22
53   487337.8  3608029.0  -117.1349554    32.6097126     1.18
54   487336.8  3608028.8  -117.1349658    32.6097109     1.15
55   487335.8  3608028.7  -117.1349763    32.6097093     1.11
56   487334.9  3608028.5  -117.1349868    32.6097076     1.07
57   487333.9  3608028.3  -117.1349973    32.6097060     1.04
58   487332.9  3608028.1  -117.1350077    32.6097043     1.01
59   487331.9  3608027.9  -117.1350182    32.6097027     0.98
60   487330.9  3608027.7  -117.1350287    32.6097010     0.95
61   487329.9  3608027.6  -117.1350392    32.6096994     0.92
62   487329.0  3608027.4  -117.1350497    32.6096977     0.89
63   487328.0  3608027.2  -117.1350601    32.6096961     0.87
64   487327.0  3608027.0  -117.1350706    32.6096944     0.84
65   487326.0  3608026.8  -117.1350811    32.6096928     0.82
66   487325.0  3608026.7  -117.1350916    32.6096911     0.79
67   487324.0  3608026.5  -117.1351021    32.6096895     0.77
68   487323.1  3608026.3  -117.1351125    32.6096878     0.75
69   487322.1  3608026.1  -117.1351230    32.6096862     0.56
70   487321.1  3608025.9  -117.1351335    32.6096845     0.54
71   487320.1  3608025.7  -117.1351440    32.6096829     0.52
72   487319.1  3608025.6  -117.1351544    32.6096812     0.50
73   487318.1  3608025.4  -117.1351649    32.6096796     0.48
74   487317.2  3608025.2  -117.1351754    32.6096779     0.46
75   487316.2  3608025.0  -117.1351859    32.6096763     0.44
76   487315.2  3608024.8  -117.1351964    32.6096746     0.42
77   487314.2  3608024.7  -117.1352068    32.6096730     0.40
78   487313.2  3608024.5  -117.1352173    32.6096713     0.39
