-10   485978.5  3612291.2  -117.1495075    32.6481449     4.51
-9   485977.6  3612290.7  -117.1495168    32.6481404     4.24
-8   485976.7  3612290.2  -117.1495260    32.6481359     4.13
-7   485975.8  3612289.7  -117.1495353    32.6481314     4.14
-6   485975.0  3612289.2  -117.1495445    32.6481269     4.07
-5   485974.1  3612288.7  -117.1495538    32.6481225     4.47
-4   485973.2  3612288.2  -117.1495630    32.6481180     4.87
-3   485972.4  3612287.7  -117.1495723    32.6481135     5.27
-2   485971.5  3612287.2  -117.1495815    32.6481090     6.35
-1   485970.6  3612286.7  -117.1495907    32.6481045     6.29
0   485969.8  3612286.2  -117.1496000    32.6481000     6.24
1   485968.9  3612285.7  -117.1496092    32.6480955     6.13
2   485968.0  3612285.3  -117.1496185    32.6480910     6.03
3   485967.2  3612284.8  -117.1496277    32.6480865     5.47
4   485966.3  3612284.3  -117.1496370    32.6480820     4.91
5   485965.4  3612283.8  -117.1496462    32.6480776     4.36
6   485964.6  3612283.3  -117.1496555    32.6480731     4.39
7   485963.7  3612282.8  -117.1496647    32.6480686     4.28
8   485962.8  3612282.3  -117.1496740    32.6480641     4.36
9   485962.0  3612281.8  -117.1496832    32.6480596     4.20
10   485961.1  3612281.3  -117.1496925    32.6480551     4.26
11   485960.2  3612280.8  -117.1497017    32.6480506     4.23
12   485959.4  3612280.3  -117.1497110    32.6480461     4.16
13   485958.5  3612279.8  -117.1497202    32.6480416     4.10
14   485957.6  3612279.3  -117.1497295    32.6480372     4.10
15   485956.8  3612278.8  -117.1497387    32.6480327     4.33
16   485955.9  3612278.3  -117.1497480    32.6480282     4.24
17   485955.0  3612277.8  -117.1497572    32.6480237     4.22
18   485954.1  3612277.3  -117.1497665    32.6480192     4.19
19   485953.3  3612276.8  -117.1497757    32.6480147     4.16
20   485952.4  3612276.3  -117.1497850    32.6480102     4.13
21   485951.5  3612275.8  -117.1497942    32.6480057     4.28
22   485950.7  3612275.3  -117.1498035    32.6480012     6.06
23   485949.8  3612274.8  -117.1498127    32.6479968     5.79
24   485948.9  3612274.3  -117.1498220    32.6479923     4.12
25   485948.1  3612273.8  -117.1498312    32.6479878     4.13
26   485947.2  3612273.3  -117.1498405    32.6479833     4.20
27   485946.3  3612272.8  -117.1498497    32.6479788     4.17
28   485945.5  3612272.3  -117.1498590    32.6479743     4.21
29   485944.6  3612271.8  -117.1498682    32.6479698     4.25
30   485943.7  3612271.4  -117.1498775    32.6479653     4.15
31   485942.9  3612270.9  -117.1498867    32.6479608     4.20
32   485942.0  3612270.4  -117.1498960    32.6479564     4.26
33   485941.1  3612269.9  -117.1499052    32.6479519     4.37
34   485940.3  3612269.4  -117.1499145    32.6479474     4.30
35   485939.4  3612268.9  -117.1499237    32.6479429     4.33
36   485938.5  3612268.4  -117.1499329    32.6479384     4.33
37   485937.7  3612267.9  -117.1499422    32.6479339     4.27
38   485936.8  3612267.4  -117.1499514    32.6479294     4.19
39   485935.9  3612266.9  -117.1499607    32.6479249     4.23
40   485935.0  3612266.4  -117.1499699    32.6479204     4.20
41   485934.2  3612265.9  -117.1499792    32.6479159     4.18
42   485933.3  3612265.4  -117.1499884    32.6479115     4.14
43   485932.4  3612264.9  -117.1499977    32.6479070     4.13
44   485931.6  3612264.4  -117.1500069    32.6479025     4.12
45   485930.7  3612263.9  -117.1500162    32.6478980     4.14
46   485929.8  3612263.4  -117.1500254    32.6478935     4.10
47   485929.0  3612262.9  -117.1500347    32.6478890     4.16
48   485928.1  3612262.4  -117.1500439    32.6478845     4.17
49   485927.2  3612261.9  -117.1500532    32.6478800     4.19
50   485926.4  3612261.4  -117.1500624    32.6478755     4.14
51   485925.5  3612260.9  -117.1500717    32.6478711     4.05
52   485924.6  3612260.4  -117.1500809    32.6478666     3.95
53   485923.8  3612259.9  -117.1500902    32.6478621     3.68
54   485922.9  3612259.4  -117.1500994    32.6478576     3.53
55   485922.0  3612258.9  -117.1501087    32.6478531     3.26
56   485921.2  3612258.4  -117.1501179    32.6478486     3.08
57   485920.3  3612257.9  -117.1501272    32.6478441     2.89
58   485919.4  3612257.5  -117.1501364    32.6478396     2.76
59   485918.6  3612257.0  -117.1501457    32.6478351     2.69
60   485917.7  3612256.5  -117.1501549    32.6478307     2.57
61   485916.8  3612256.0  -117.1501642    32.6478262     2.39
62   485916.0  3612255.5  -117.1501734    32.6478217     2.29
63   485915.1  3612255.0  -117.1501827    32.6478172     2.14
64   485914.2  3612254.5  -117.1501919    32.6478127     2.05
65   485913.3  3612254.0  -117.1502012    32.6478082     1.93
66   485912.5  3612253.5  -117.1502104    32.6478037     1.86
67   485911.6  3612253.0  -117.1502197    32.6477992     1.81
68   485910.7  3612252.5  -117.1502289    32.6477947     1.74
69   485909.9  3612252.0  -117.1502381    32.6477903     1.64
70   485909.0  3612251.5  -117.1502474    32.6477858     1.58
71   485908.1  3612251.0  -117.1502566    32.6477813     1.48
72   485907.3  3612250.5  -117.1502659    32.6477768     1.43
73   485906.4  3612250.0  -117.1502751    32.6477723     1.40
74   485905.5  3612249.5  -117.1502844    32.6477678     1.35
75   485904.7  3612249.0  -117.1502936    32.6477633     1.28
76   485903.8  3612248.5  -117.1503029    32.6477588     1.24
77   485902.9  3612248.0  -117.1503121    32.6477543     1.18
78   485902.1  3612247.5  -117.1503214    32.6477498     1.15
79   485901.2  3612247.0  -117.1503306    32.6477454     1.09
80   485900.3  3612246.5  -117.1503399    32.6477409     1.05
81   485899.5  3612246.0  -117.1503491    32.6477364     1.03
82   485898.6  3612245.5  -117.1503584    32.6477319     1.00
83   485897.7  3612245.0  -117.1503676    32.6477274     0.96
84   485896.9  3612244.5  -117.1503769    32.6477229     0.93
85   485896.0  3612244.0  -117.1503861    32.6477184     0.90
86   485895.1  3612243.6  -117.1503954    32.6477139     0.93
87   485894.2  3612243.1  -117.1504046    32.6477094     0.89
88   485893.4  3612242.6  -117.1504139    32.6477050     0.86
89   485892.5  3612242.1  -117.1504231    32.6477005     0.85
90   485891.6  3612241.6  -117.1504324    32.6476960     0.83
91   485890.8  3612241.1  -117.1504416    32.6476915     0.79
92   485889.9  3612240.6  -117.1504509    32.6476870     0.77
93   485889.0  3612240.1  -117.1504601    32.6476825     0.73
94   485888.2  3612239.6  -117.1504694    32.6476780     0.71
95   485887.3  3612239.1  -117.1504786    32.6476735     0.68
96   485886.4  3612238.6  -117.1504879    32.6476690     0.66
97   485885.6  3612238.1  -117.1504971    32.6476646     0.65
98   485884.7  3612237.6  -117.1505064    32.6476601     0.63
99   485883.8  3612237.1  -117.1505156    32.6476556     0.60
100   485883.0  3612236.6  -117.1505249    32.6476511     0.58
101   485882.1  3612236.1  -117.1505341    32.6476466     0.55
102   485881.2  3612235.6  -117.1505434    32.6476421     0.55
