-45   485654.9  3612904.6  -117.1529666    32.6536743      NaN
-44   485654.0  3612904.2  -117.1529762    32.6536704      NaN
-43   485653.1  3612903.8  -117.1529859    32.6536665     5.16
-42   485652.2  3612903.3  -117.1529955    32.6536626     5.56
-41   485651.3  3612902.9  -117.1530051    32.6536588     5.49
-40   485650.4  3612902.5  -117.1530148    32.6536549     5.70
-39   485649.5  3612902.1  -117.1530244    32.6536510     5.55
-38   485648.6  3612901.6  -117.1530340    32.6536472     5.54
-37   485647.7  3612901.2  -117.1530437    32.6536433     5.74
-36   485646.8  3612900.8  -117.1530533    32.6536394     5.67
-35   485645.9  3612900.3  -117.1530629    32.6536355     5.53
-34   485645.0  3612899.9  -117.1530725    32.6536317     5.48
-33   485644.1  3612899.5  -117.1530822    32.6536278     5.26
-32   485643.2  3612899.1  -117.1530918    32.6536239     5.53
-31   485642.3  3612898.6  -117.1531014    32.6536200     5.50
-30   485641.4  3612898.2  -117.1531111    32.6536162     5.39
-29   485640.5  3612897.8  -117.1531207    32.6536123     5.33
-28   485639.6  3612897.3  -117.1531303    32.6536084     5.51
-27   485638.7  3612896.9  -117.1531400    32.6536046     5.48
-26   485637.8  3612896.5  -117.1531496    32.6536007     5.38
-25   485636.8  3612896.1  -117.1531592    32.6535968     5.21
-24   485635.9  3612895.6  -117.1531689    32.6535929     5.01
-23   485635.0  3612895.2  -117.1531785    32.6535891     5.15
-22   485634.1  3612894.8  -117.1531881    32.6535852     5.08
-21   485633.2  3612894.4  -117.1531977    32.6535813     5.00
-20   485632.3  3612893.9  -117.1532074    32.6535775     4.99
-19   485631.4  3612893.5  -117.1532170    32.6535736     4.92
-18   485630.5  3612893.1  -117.1532266    32.6535697     5.05
-17   485629.6  3612892.6  -117.1532363    32.6535658     5.04
-16   485628.7  3612892.2  -117.1532459    32.6535620     5.01
-15   485627.8  3612891.8  -117.1532555    32.6535581     5.00
-14   485626.9  3612891.4  -117.1532652    32.6535542     4.74
-13   485626.0  3612890.9  -117.1532748    32.6535503     4.93
-12   485625.1  3612890.5  -117.1532844    32.6535465     4.83
-11   485624.2  3612890.1  -117.1532941    32.6535426     4.80
-10   485623.3  3612889.6  -117.1533037    32.6535387     4.85
-9   485622.4  3612889.2  -117.1533133    32.6535349     4.71
-8   485621.5  3612888.8  -117.1533230    32.6535310     4.56
-7   485620.6  3612888.4  -117.1533326    32.6535271     4.75
-6   485619.7  3612887.9  -117.1533422    32.6535232     4.71
-5   485618.8  3612887.5  -117.1533518    32.6535194     4.58
-4   485617.9  3612887.1  -117.1533615    32.6535155     4.46
-3   485617.0  3612886.6  -117.1533711    32.6535116     4.40
-2   485616.1  3612886.2  -117.1533807    32.6535078     4.21
-1   485615.2  3612885.8  -117.1533904    32.6535039     4.48
0   485614.3  3612885.4  -117.1534000    32.6535000     4.47
1   485613.3  3612884.9  -117.1534096    32.6534961     4.44
2   485612.4  3612884.5  -117.1534193    32.6534923     4.20
3   485611.5  3612884.1  -117.1534289    32.6534884     3.99
4   485610.6  3612883.7  -117.1534385    32.6534845     3.93
5   485609.7  3612883.2  -117.1534482    32.6534806     3.78
6   485608.8  3612882.8  -117.1534578    32.6534768     3.65
7   485607.9  3612882.4  -117.1534674    32.6534729     3.53
8   485607.0  3612881.9  -117.1534770    32.6534690     3.41
9   485606.1  3612881.5  -117.1534867    32.6534652     3.34
10   485605.2  3612881.1  -117.1534963    32.6534613     3.35
11   485604.3  3612880.7  -117.1535059    32.6534574     3.26
12   485603.4  3612880.2  -117.1535156    32.6534535     3.20
13   485602.5  3612879.8  -117.1535252    32.6534497     3.13
14   485601.6  3612879.4  -117.1535348    32.6534458     3.08
15   485600.7  3612878.9  -117.1535445    32.6534419     2.98
16   485599.8  3612878.5  -117.1535541    32.6534380     2.92
17   485598.9  3612878.1  -117.1535637    32.6534342     2.82
18   485598.0  3612877.7  -117.1535734    32.6534303     2.77
19   485597.1  3612877.2  -117.1535830    32.6534264     2.74
20   485596.2  3612876.8  -117.1535926    32.6534226     2.68
21   485595.3  3612876.4  -117.1536022    32.6534187     2.61
22   485594.4  3612875.9  -117.1536119    32.6534148     2.52
23   485593.5  3612875.5  -117.1536215    32.6534109     2.45
24   485592.6  3612875.1  -117.1536311    32.6534071     2.35
25   485591.7  3612874.7  -117.1536408    32.6534032     2.28
26   485590.8  3612874.2  -117.1536504    32.6533993     2.20
27   485589.9  3612873.8  -117.1536600    32.6533955     2.14
28   485588.9  3612873.4  -117.1536697    32.6533916     2.08
29   485588.0  3612873.0  -117.1536793    32.6533877     2.00
30   485587.1  3612872.5  -117.1536889    32.6533838     1.94
31   485586.2  3612872.1  -117.1536986    32.6533800     1.92
32   485585.3  3612871.7  -117.1537082    32.6533761     1.87
33   485584.4  3612871.2  -117.1537178    32.6533722     1.79
34   485583.5  3612870.8  -117.1537274    32.6533683     1.75
35   485582.6  3612870.4  -117.1537371    32.6533645     1.70
36   485581.7  3612870.0  -117.1537467    32.6533606     1.64
37   485580.8  3612869.5  -117.1537563    32.6533567     1.59
38   485579.9  3612869.1  -117.1537660    32.6533529     1.53
39   485579.0  3612868.7  -117.1537756    32.6533490     1.48
40   485578.1  3612868.2  -117.1537852    32.6533451     1.44
41   485577.2  3612867.8  -117.1537949    32.6533412     1.43
42   485576.3  3612867.4  -117.1538045    32.6533374     1.39
43   485575.4  3612867.0  -117.1538141    32.6533335     1.34
44   485574.5  3612866.5  -117.1538238    32.6533296     1.31
45   485573.6  3612866.1  -117.1538334    32.6533258     1.26
46   485572.7  3612865.7  -117.1538430    32.6533219     1.22
47   485571.8  3612865.3  -117.1538526    32.6533180     1.19
48   485570.9  3612864.8  -117.1538623    32.6533141     1.14
49   485570.0  3612864.4  -117.1538719    32.6533103     1.11
50   485569.1  3612864.0  -117.1538815    32.6533064     1.09
51   485568.2  3612863.5  -117.1538912    32.6533025     1.07
52   485567.3  3612863.1  -117.1539008    32.6532986     1.03
53   485566.4  3612862.7  -117.1539104    32.6532948     1.00
54   485565.4  3612862.3  -117.1539201    32.6532909     0.98
55   485564.5  3612861.8  -117.1539297    32.6532870     0.94
56   485563.6  3612861.4  -117.1539393    32.6532832     0.92
57   485562.7  3612861.0  -117.1539490    32.6532793     0.88
58   485561.8  3612860.5  -117.1539586    32.6532754     0.86
59   485560.9  3612860.1  -117.1539682    32.6532715     0.83
60   485560.0  3612859.7  -117.1539778    32.6532677     0.81
61   485559.1  3612859.3  -117.1539875    32.6532638     0.79
62   485558.2  3612858.8  -117.1539971    32.6532599     0.78
63   485557.3  3612858.4  -117.1540067    32.6532560     0.76
64   485556.4  3612858.0  -117.1540164    32.6532522     0.73
65   485555.5  3612857.5  -117.1540260    32.6532483     0.71
66   485554.6  3612857.1  -117.1540356    32.6532444     0.69
67   485553.7  3612856.7  -117.1540453    32.6532406     0.67
68   485552.8  3612856.3  -117.1540549    32.6532367     0.65
69   485551.9  3612855.8  -117.1540645    32.6532328     0.63
70   485551.0  3612855.4  -117.1540742    32.6532289     0.62
71   485550.1  3612855.0  -117.1540838    32.6532251     0.61
72   485549.2  3612854.6  -117.1540934    32.6532212     0.60
73   485548.3  3612854.1  -117.1541031    32.6532173     0.58
74   485547.4  3612853.7  -117.1541127    32.6532135     0.63
75   485546.5  3612853.3  -117.1541223    32.6532096     0.61
76   485545.6  3612852.8  -117.1541319    32.6532057     0.60
77   485544.7  3612852.4  -117.1541416    32.6532018     0.58
78   485543.8  3612852.0  -117.1541512    32.6531980     0.57
79   485542.9  3612851.6  -117.1541608    32.6531941     0.55
80   485541.9  3612851.1  -117.1541705    32.6531902     0.54
81   485541.0  3612850.7  -117.1541801    32.6531863     0.52
82   485540.1  3612850.3  -117.1541897    32.6531825     0.51
83   485539.2  3612849.8  -117.1541994    32.6531786     0.50
84   485538.3  3612849.4  -117.1542090    32.6531747     0.48
85   485537.4  3612849.0  -117.1542186    32.6531709     0.47
86   485536.5  3612848.6  -117.1542283    32.6531670     0.45
87   485535.6  3612848.1  -117.1542379    32.6531631     0.44
88   485534.7  3612847.7  -117.1542475    32.6531592     0.42
89   485533.8  3612847.3  -117.1542571    32.6531554     0.40
90   485532.9  3612846.8  -117.1542668    32.6531515     0.40
91   485532.0  3612846.4  -117.1542764    32.6531476     0.37
92   485531.1  3612846.0  -117.1542860    32.6531438     0.44
93   485530.2  3612845.6  -117.1542957    32.6531399     0.43
94   485529.3  3612845.1  -117.1543053    32.6531360     0.42
95   485528.4  3612844.7  -117.1543149    32.6531321     0.41
96   485527.5  3612844.3  -117.1543246    32.6531283     0.40
97   485526.6  3612843.9  -117.1543342    32.6531244     0.38
98   485525.7  3612843.4  -117.1543438    32.6531205     0.36
99   485524.8  3612843.0  -117.1543535    32.6531166     0.34
100   485523.9  3612842.6  -117.1543631    32.6531128     0.32
101   485523.0  3612842.1  -117.1543727    32.6531089     0.32
102   485522.1  3612841.7  -117.1543823    32.6531050     0.29
103   485521.2  3612841.3  -117.1543920    32.6531012     0.29
104   485520.3  3612840.9  -117.1544016    32.6530973     0.27
105   485519.4  3612840.4  -117.1544112    32.6530934     0.27
106   485518.5  3612840.0  -117.1544209    32.6530895     0.25
107   485517.5  3612839.6  -117.1544305    32.6530857     0.24
108   485516.6  3612839.1  -117.1544401    32.6530818     0.22
109   485515.7  3612838.7  -117.1544498    32.6530779     0.22
110   485514.8  3612838.3  -117.1544594    32.6530740     0.19
111   485513.9  3612837.9  -117.1544690    32.6530702     0.19
