12   484846.7  3614165.6  -117.1616057    32.6650389     4.62
13   484845.9  3614165.1  -117.1616145    32.6650339     4.49
14   484845.0  3614164.5  -117.1616233    32.6650288     4.56
15   484844.2  3614164.0  -117.1616321    32.6650237     4.50
16   484843.4  3614163.4  -117.1616409    32.6650186     4.46
17   484842.5  3614162.8  -117.1616497    32.6650135     4.47
18   484841.7  3614162.3  -117.1616585    32.6650084     4.47
19   484840.9  3614161.7  -117.1616673    32.6650033     4.47
20   484840.1  3614161.1  -117.1616761    32.6649982     4.49
21   484839.2  3614160.6  -117.1616849    32.6649931     4.51
22   484838.4  3614160.0  -117.1616937    32.6649881     4.48
23   484837.6  3614159.5  -117.1617025    32.6649830     4.46
24   484836.8  3614158.9  -117.1617113    32.6649779     4.41
25   484835.9  3614158.3  -117.1617201    32.6649728     4.43
26   484835.1  3614157.8  -117.1617290    32.6649677     4.37
27   484834.3  3614157.2  -117.1617378    32.6649626     4.31
28   484833.5  3614156.6  -117.1617466    32.6649575     4.33
29   484832.6  3614156.1  -117.1617554    32.6649524     4.26
30   484831.8  3614155.5  -117.1617642    32.6649473     4.12
31   484831.0  3614155.0  -117.1617730    32.6649423     3.89
32   484830.1  3614154.4  -117.1617818    32.6649372     3.78
33   484829.3  3614153.8  -117.1617906    32.6649321     3.73
34   484828.5  3614153.3  -117.1617994    32.6649270     3.63
35   484827.7  3614152.7  -117.1618082    32.6649219     3.53
36   484826.8  3614152.1  -117.1618170    32.6649168     3.45
37   484826.0  3614151.6  -117.1618258    32.6649117     3.37
38   484825.2  3614151.0  -117.1618346    32.6649066     3.32
39   484824.4  3614150.4  -117.1618434    32.6649015     3.29
40   484823.5  3614149.9  -117.1618522    32.6648965     3.18
41   484822.7  3614149.3  -117.1618610    32.6648914     3.07
42   484821.9  3614148.8  -117.1618698    32.6648863     3.04
43   484821.1  3614148.2  -117.1618786    32.6648812     3.02
44   484820.2  3614147.6  -117.1618875    32.6648761     2.99
45   484819.4  3614147.1  -117.1618963    32.6648710     2.95
46   484818.6  3614146.5  -117.1619051    32.6648659     2.94
47   484817.7  3614145.9  -117.1619139    32.6648608     2.92
48   484816.9  3614145.4  -117.1619227    32.6648557     2.90
49   484816.1  3614144.8  -117.1619315    32.6648507     2.88
50   484815.3  3614144.3  -117.1619403    32.6648456     2.88
51   484814.4  3614143.7  -117.1619491    32.6648405     2.82
52   484813.6  3614143.1  -117.1619579    32.6648354     2.71
53   484812.8  3614142.6  -117.1619667    32.6648303     2.67
54   484812.0  3614142.0  -117.1619755    32.6648252     2.63
55   484811.1  3614141.4  -117.1619843    32.6648201     2.57
56   484810.3  3614140.9  -117.1619931    32.6648150     2.58
57   484809.5  3614140.3  -117.1620019    32.6648100     2.51
58   484808.7  3614139.8  -117.1620107    32.6648049     2.49
59   484807.8  3614139.2  -117.1620195    32.6647998     2.44
60   484807.0  3614138.6  -117.1620283    32.6647947     2.44
61   484806.2  3614138.1  -117.1620372    32.6647896     2.40
62   484805.3  3614137.5  -117.1620460    32.6647845     2.36
63   484804.5  3614136.9  -117.1620548    32.6647794     2.34
64   484803.7  3614136.4  -117.1620636    32.6647743     2.31
65   484802.9  3614135.8  -117.1620724    32.6647692     2.29
66   484802.0  3614135.3  -117.1620812    32.6647642     2.26
67   484801.2  3614134.7  -117.1620900    32.6647591     2.23
68   484800.4  3614134.1  -117.1620988    32.6647540     2.21
69   484799.6  3614133.6  -117.1621076    32.6647489     2.18
70   484798.7  3614133.0  -117.1621164    32.6647438     2.15
71   484797.9  3614132.4  -117.1621252    32.6647387     2.10
72   484797.1  3614131.9  -117.1621340    32.6647336     2.02
73   484796.3  3614131.3  -117.1621428    32.6647285     1.98
74   484795.4  3614130.7  -117.1621516    32.6647234     1.91
75   484794.6  3614130.2  -117.1621604    32.6647184     1.89
76   484793.8  3614129.6  -117.1621692    32.6647133     1.85
77   484793.0  3614129.1  -117.1621780    32.6647082     1.79
78   484792.1  3614128.5  -117.1621869    32.6647031     1.75
79   484791.3  3614127.9  -117.1621957    32.6646980     1.69
80   484790.5  3614127.4  -117.1622045    32.6646929     1.66
81   484789.6  3614126.8  -117.1622133    32.6646878     1.64
82   484788.8  3614126.2  -117.1622221    32.6646827     1.59
83   484788.0  3614125.7  -117.1622309    32.6646776     1.57
84   484787.2  3614125.1  -117.1622397    32.6646726     1.52
85   484786.3  3614124.6  -117.1622485    32.6646675     1.50
86   484785.5  3614124.0  -117.1622573    32.6646624     1.48
87   484784.7  3614123.4  -117.1622661    32.6646573     1.44
88   484783.9  3614122.9  -117.1622749    32.6646522     1.42
89   484783.0  3614122.3  -117.1622837    32.6646471     1.38
90   484782.2  3614121.7  -117.1622925    32.6646420     1.36
91   484781.4  3614121.2  -117.1623013    32.6646369     1.34
92   484780.6  3614120.6  -117.1623101    32.6646318     1.32
93   484779.7  3614120.1  -117.1623189    32.6646268     1.29
94   484778.9  3614119.5  -117.1623277    32.6646217     1.25
95   484778.1  3614118.9  -117.1623366    32.6646166     1.23
96   484777.2  3614118.4  -117.1623454    32.6646115     1.22
97   484776.4  3614117.8  -117.1623542    32.6646064     1.20
98   484775.6  3614117.2  -117.1623630    32.6646013     1.16
99   484774.8  3614116.7  -117.1623718    32.6645962     1.13
100   484773.9  3614116.1  -117.1623806    32.6645911     1.10
101   484773.1  3614115.6  -117.1623894    32.6645860     1.09
102   484772.3  3614115.0  -117.1623982    32.6645810     1.06
103   484771.5  3614114.4  -117.1624070    32.6645759     1.02
104   484770.6  3614113.9  -117.1624158    32.6645708     1.00
105   484769.8  3614113.3  -117.1624246    32.6645657     0.97
106   484769.0  3614112.7  -117.1624334    32.6645606     0.95
107   484768.2  3614112.2  -117.1624422    32.6645555     0.93
108   484767.3  3614111.6  -117.1624510    32.6645504     0.90
109   484766.5  3614111.0  -117.1624598    32.6645453     0.88
110   484765.7  3614110.5  -117.1624686    32.6645402     0.84
111   484764.8  3614109.9  -117.1624774    32.6645352     0.82
112   484764.0  3614109.4  -117.1624862    32.6645301     0.78
113   484763.2  3614108.8  -117.1624951    32.6645250     0.77
114   484762.4  3614108.2  -117.1625039    32.6645199     0.75
115   484761.5  3614107.7  -117.1625127    32.6645148     0.72
116   484760.7  3614107.1  -117.1625215    32.6645097     0.70
117   484759.9  3614106.5  -117.1625303    32.6645046     0.61
118   484759.1  3614106.0  -117.1625391    32.6644995     0.60
119   484758.2  3614105.4  -117.1625479    32.6644944     0.58
120   484757.4  3614104.9  -117.1625567    32.6644894     0.56
121   484756.6  3614104.3  -117.1625655    32.6644843     0.55
122   484755.8  3614103.7  -117.1625743    32.6644792     0.53
123   484754.9  3614103.2  -117.1625831    32.6644741     0.49
