-38   485732.0  3612725.6  -117.1521420    32.6520606     3.80
-37   485731.1  3612725.2  -117.1521514    32.6520564     3.49
-36   485730.2  3612724.7  -117.1521609    32.6520522     3.65
-35   485729.3  3612724.2  -117.1521703    32.6520479     3.55
-34   485728.5  3612723.8  -117.1521797    32.6520437     3.69
-33   485727.6  3612723.3  -117.1521891    32.6520395     3.55
-32   485726.7  3612722.8  -117.1521985    32.6520353     3.56
-31   485725.8  3612722.4  -117.1522080    32.6520310     3.55
-30   485724.9  3612721.9  -117.1522174    32.6520268     4.16
-29   485724.0  3612721.4  -117.1522268    32.6520226     3.91
-28   485723.2  3612721.0  -117.1522362    32.6520184     3.49
-27   485722.3  3612720.5  -117.1522457    32.6520141     3.46
-26   485721.4  3612720.0  -117.1522551    32.6520099     3.46
-25   485720.5  3612719.6  -117.1522645    32.6520057     3.65
-24   485719.6  3612719.1  -117.1522739    32.6520014     3.65
-23   485718.7  3612718.6  -117.1522833    32.6519972     3.52
-22   485717.9  3612718.2  -117.1522928    32.6519930     3.56
-21   485717.0  3612717.7  -117.1523022    32.6519888     3.54
-20   485716.1  3612717.2  -117.1523116    32.6519845     3.58
-19   485715.2  3612716.8  -117.1523210    32.6519803     3.58
-18   485714.3  3612716.3  -117.1523304    32.6519761     3.51
-17   485713.4  3612715.8  -117.1523399    32.6519719     3.72
-16   485712.5  3612715.4  -117.1523493    32.6519676     3.71
-15   485711.7  3612714.9  -117.1523587    32.6519634     3.69
-14   485710.8  3612714.4  -117.1523681    32.6519592     3.70
-13   485709.9  3612714.0  -117.1523775    32.6519550     4.10
-12   485709.0  3612713.5  -117.1523870    32.6519507     3.83
-11   485708.1  3612713.0  -117.1523964    32.6519465     3.75
-10   485707.2  3612712.5  -117.1524058    32.6519423     3.70
-9   485706.4  3612712.1  -117.1524152    32.6519380     3.72
-8   485705.5  3612711.6  -117.1524246    32.6519338     3.70
-7   485704.6  3612711.1  -117.1524341    32.6519296     3.76
-6   485703.7  3612710.7  -117.1524435    32.6519254     3.74
-5   485702.8  3612710.2  -117.1524529    32.6519211     3.72
-4   485701.9  3612709.7  -117.1524623    32.6519169     3.81
-3   485701.1  3612709.3  -117.1524717    32.6519127     3.75
-2   485700.2  3612708.8  -117.1524812    32.6519085     3.74
-1   485699.3  3612708.3  -117.1524906    32.6519042     3.73
0   485698.4  3612707.9  -117.1525000    32.6519000     3.73
1   485697.5  3612707.4  -117.1525094    32.6518958     3.73
2   485696.6  3612706.9  -117.1525188    32.6518916     3.73
3   485695.7  3612706.5  -117.1525283    32.6518873     3.69
4   485694.9  3612706.0  -117.1525377    32.6518831     3.56
5   485694.0  3612705.5  -117.1525471    32.6518789     3.51
6   485693.1  3612705.1  -117.1525565    32.6518746     3.38
7   485692.2  3612704.6  -117.1525659    32.6518704     3.31
8   485691.3  3612704.1  -117.1525754    32.6518662     3.25
9   485690.4  3612703.7  -117.1525848    32.6518620     3.18
10   485689.6  3612703.2  -117.1525942    32.6518577     3.04
11   485688.7  3612702.7  -117.1526036    32.6518535     2.96
12   485687.8  3612702.3  -117.1526130    32.6518493     2.82
13   485686.9  3612701.8  -117.1526225    32.6518451     2.75
14   485686.0  3612701.3  -117.1526319    32.6518408     2.64
15   485685.1  3612700.9  -117.1526413    32.6518366     2.58
16   485684.3  3612700.4  -117.1526507    32.6518324     2.51
17   485683.4  3612699.9  -117.1526601    32.6518282     2.46
18   485682.5  3612699.5  -117.1526696    32.6518239     2.40
19   485681.6  3612699.0  -117.1526790    32.6518197     2.29
20   485680.7  3612698.5  -117.1526884    32.6518155     2.24
21   485679.8  3612698.1  -117.1526978    32.6518112     2.14
22   485678.9  3612697.6  -117.1527072    32.6518070     2.09
23   485678.1  3612697.1  -117.1527167    32.6518028     2.00
24   485677.2  3612696.7  -117.1527261    32.6517986     1.96
25   485676.3  3612696.2  -117.1527355    32.6517943     1.92
26   485675.4  3612695.7  -117.1527449    32.6517901     1.88
27   485674.5  3612695.3  -117.1527543    32.6517859     1.80
28   485673.6  3612694.8  -117.1527638    32.6517817     1.76
29   485672.8  3612694.3  -117.1527732    32.6517774     1.69
30   485671.9  3612693.9  -117.1527826    32.6517732     1.65
31   485671.0  3612693.4  -117.1527920    32.6517690     1.59
32   485670.1  3612692.9  -117.1528014    32.6517648     1.55
33   485669.2  3612692.5  -117.1528109    32.6517605     1.51
34   485668.3  3612692.0  -117.1528203    32.6517563     1.49
35   485667.5  3612691.5  -117.1528297    32.6517521     1.45
36   485666.6  3612691.1  -117.1528391    32.6517478     1.39
37   485665.7  3612690.6  -117.1528485    32.6517436     1.36
38   485664.8  3612690.1  -117.1528580    32.6517394     1.31
39   485663.9  3612689.7  -117.1528674    32.6517352     1.28
40   485663.0  3612689.2  -117.1528768    32.6517309     1.23
41   485662.2  3612688.7  -117.1528862    32.6517267     1.19
42   485661.3  3612688.3  -117.1528956    32.6517225     1.17
43   485660.4  3612687.8  -117.1529051    32.6517183     1.14
44   485659.5  3612687.3  -117.1529145    32.6517140     1.09
45   485658.6  3612686.8  -117.1529239    32.6517098     1.06
46   485657.7  3612686.4  -117.1529333    32.6517056     1.02
47   485656.8  3612685.9  -117.1529427    32.6517014     0.99
48   485656.0  3612685.4  -117.1529522    32.6516971     0.96
49   485655.1  3612685.0  -117.1529616    32.6516929     0.92
50   485654.2  3612684.5  -117.1529710    32.6516887     0.89
51   485653.3  3612684.0  -117.1529804    32.6516844     0.84
52   485652.4  3612683.6  -117.1529899    32.6516802     0.81
53   485651.5  3612683.1  -117.1529993    32.6516760     0.79
54   485650.7  3612682.6  -117.1530087    32.6516718     0.75
55   485649.8  3612682.2  -117.1530181    32.6516675     0.74
56   485648.9  3612681.7  -117.1530275    32.6516633     0.70
57   485648.0  3612681.2  -117.1530370    32.6516591     0.66
58   485647.1  3612680.8  -117.1530464    32.6516549     0.66
59   485646.2  3612680.3  -117.1530558    32.6516506     0.62
60   485645.4  3612679.8  -117.1530652    32.6516464     0.61
61   485644.5  3612679.4  -117.1530746    32.6516422     0.57
