-27   487435.1  3607943.9  -117.1339175    32.6089462     6.24
-26   487434.1  3607943.8  -117.1339279    32.6089445     6.31
-25   487433.1  3607943.6  -117.1339384    32.6089428     6.21
-24   487432.1  3607943.4  -117.1339489    32.6089411     6.22
-23   487431.2  3607943.2  -117.1339593    32.6089394     6.09
-22   487430.2  3607943.0  -117.1339698    32.6089377     5.85
-21   487429.2  3607942.8  -117.1339802    32.6089360     5.59
-20   487428.2  3607942.6  -117.1339907    32.6089343     5.25
-19   487427.2  3607942.4  -117.1340012    32.6089325     5.21
-18   487426.3  3607942.2  -117.1340116    32.6089308     5.37
-17   487425.3  3607942.1  -117.1340221    32.6089291     5.22
-16   487424.3  3607941.9  -117.1340326    32.6089274     5.02
-15   487423.3  3607941.7  -117.1340430    32.6089257     4.88
-14   487422.3  3607941.5  -117.1340535    32.6089240     4.79
-13   487421.3  3607941.3  -117.1340640    32.6089223     4.70
-12   487420.4  3607941.1  -117.1340744    32.6089206     4.68
-11   487419.4  3607940.9  -117.1340849    32.6089188     4.62
-10   487418.4  3607940.7  -117.1340954    32.6089171     4.58
-9   487417.4  3607940.5  -117.1341058    32.6089154     4.63
-8   487416.4  3607940.4  -117.1341163    32.6089137     4.63
-7   487415.4  3607940.2  -117.1341267    32.6089120     4.60
-6   487414.5  3607940.0  -117.1341372    32.6089103     4.58
-5   487413.5  3607939.8  -117.1341477    32.6089086     4.60
-4   487412.5  3607939.6  -117.1341581    32.6089069     4.57
-3   487411.5  3607939.4  -117.1341686    32.6089051     4.60
-2   487410.5  3607939.2  -117.1341791    32.6089034     4.57
-1   487409.6  3607939.0  -117.1341895    32.6089017     4.56
0   487408.6  3607938.9  -117.1342000    32.6089000     4.55
1   487407.6  3607938.7  -117.1342105    32.6088983     4.51
2   487406.6  3607938.5  -117.1342209    32.6088966     4.44
3   487405.6  3607938.3  -117.1342314    32.6088949     4.34
4   487404.6  3607938.1  -117.1342419    32.6088932     4.23
5   487403.7  3607937.9  -117.1342523    32.6088914     4.15
6   487402.7  3607937.7  -117.1342628    32.6088897     4.07
7   487401.7  3607937.5  -117.1342732    32.6088880     3.99
8   487400.7  3607937.3  -117.1342837    32.6088863     3.93
9   487399.7  3607937.2  -117.1342942    32.6088846     3.86
10   487398.8  3607937.0  -117.1343046    32.6088829     3.80
11   487397.8  3607936.8  -117.1343151    32.6088812     3.74
12   487396.8  3607936.6  -117.1343256    32.6088795     3.67
13   487395.8  3607936.4  -117.1343360    32.6088777     3.61
14   487394.8  3607936.2  -117.1343465    32.6088760     3.59
15   487393.8  3607936.0  -117.1343570    32.6088743     3.58
16   487392.9  3607935.8  -117.1343674    32.6088726     3.56
17   487391.9  3607935.6  -117.1343779    32.6088709     3.57
18   487390.9  3607935.5  -117.1343884    32.6088692     3.56
19   487389.9  3607935.3  -117.1343988    32.6088675     3.54
20   487388.9  3607935.1  -117.1344093    32.6088658     3.55
21   487388.0  3607934.9  -117.1344197    32.6088640     3.42
22   487387.0  3607934.7  -117.1344302    32.6088623     3.23
23   487386.0  3607934.5  -117.1344407    32.6088606     3.07
24   487385.0  3607934.3  -117.1344511    32.6088589     2.94
25   487384.0  3607934.1  -117.1344616    32.6088572     2.79
26   487383.0  3607933.9  -117.1344721    32.6088555     2.63
27   487382.1  3607933.8  -117.1344825    32.6088538     2.50
28   487381.1  3607933.6  -117.1344930    32.6088521     2.39
29   487380.1  3607933.4  -117.1345035    32.6088503     2.29
30   487379.1  3607933.2  -117.1345139    32.6088486     2.19
31   487378.1  3607933.0  -117.1345244    32.6088469     2.09
32   487377.1  3607932.8  -117.1345349    32.6088452     2.01
33   487376.2  3607932.6  -117.1345453    32.6088435     1.93
34   487375.2  3607932.4  -117.1345558    32.6088418     1.86
35   487374.2  3607932.3  -117.1345662    32.6088401     1.79
36   487373.2  3607932.1  -117.1345767    32.6088384     1.73
37   487372.2  3607931.9  -117.1345872    32.6088366     1.66
38   487371.3  3607931.7  -117.1345976    32.6088349     1.61
39   487370.3  3607931.5  -117.1346081    32.6088332     1.56
40   487369.3  3607931.3  -117.1346186    32.6088315     1.51
41   487368.3  3607931.1  -117.1346290    32.6088298     1.46
42   487367.3  3607930.9  -117.1346395    32.6088281     1.42
43   487366.3  3607930.7  -117.1346500    32.6088264     1.37
44   487365.4  3607930.6  -117.1346604    32.6088247     1.33
45   487364.4  3607930.4  -117.1346709    32.6088229     1.29
46   487363.4  3607930.2  -117.1346814    32.6088212     1.25
47   487362.4  3607930.0  -117.1346918    32.6088195     1.22
48   487361.4  3607929.8  -117.1347023    32.6088178     1.18
49   487360.5  3607929.6  -117.1347127    32.6088161     1.13
50   487359.5  3607929.4  -117.1347232    32.6088144     1.09
51   487358.5  3607929.2  -117.1347337    32.6088127     1.05
52   487357.5  3607929.0  -117.1347441    32.6088110     1.01
53   487356.5  3607928.9  -117.1347546    32.6088092     0.98
54   487355.5  3607928.7  -117.1347651    32.6088075     0.94
55   487354.6  3607928.5  -117.1347755    32.6088058     0.91
56   487353.6  3607928.3  -117.1347860    32.6088041     0.89
57   487352.6  3607928.1  -117.1347965    32.6088024     0.86
58   487351.6  3607927.9  -117.1348069    32.6088007     0.78
59   487350.6  3607927.7  -117.1348174    32.6087990     0.75
60   487349.6  3607927.5  -117.1348279    32.6087973     0.75
61   487348.7  3607927.3  -117.1348383    32.6087955     0.72
62   487347.7  3607927.2  -117.1348488    32.6087938     0.69
63   487346.7  3607927.0  -117.1348592    32.6087921     0.65
64   487345.7  3607926.8  -117.1348697    32.6087904     0.61
65   487344.7  3607926.6  -117.1348802    32.6087887     0.51
