-3   486337.2  3611466.6  -117.1456705    32.6407105     3.37
-2   486336.3  3611466.2  -117.1456804    32.6407070     3.51
-1   486335.3  3611465.8  -117.1456902    32.6407035     3.46
0   486334.4  3611465.4  -117.1457000    32.6407000     3.65
1   486333.5  3611465.0  -117.1457098    32.6406965     3.48
2   486332.6  3611464.6  -117.1457196    32.6406930     3.57
3   486331.6  3611464.3  -117.1457295    32.6406895     3.68
4   486330.7  3611463.9  -117.1457393    32.6406860     3.90
5   486329.8  3611463.5  -117.1457491    32.6406824     4.78
6   486328.9  3611463.1  -117.1457589    32.6406789     4.36
7   486328.0  3611462.7  -117.1457687    32.6406754     4.65
8   486327.0  3611462.3  -117.1457786    32.6406719     3.46
9   486326.1  3611461.9  -117.1457884    32.6406684     3.44
10   486325.2  3611461.5  -117.1457982    32.6406649     3.37
11   486324.3  3611461.1  -117.1458080    32.6406614     3.29
12   486323.3  3611460.8  -117.1458178    32.6406578     3.26
13   486322.4  3611460.4  -117.1458277    32.6406543     3.24
14   486321.5  3611460.0  -117.1458375    32.6406508     3.31
15   486320.6  3611459.6  -117.1458473    32.6406473     3.42
16   486319.7  3611459.2  -117.1458571    32.6406438     3.36
17   486318.7  3611458.8  -117.1458669    32.6406403     3.47
18   486317.8  3611458.4  -117.1458768    32.6406368     3.45
19   486316.9  3611458.0  -117.1458866    32.6406332     3.47
20   486316.0  3611457.7  -117.1458964    32.6406297     4.63
21   486315.1  3611457.3  -117.1459062    32.6406262     4.57
22   486314.1  3611456.9  -117.1459160    32.6406227     4.47
23   486313.2  3611456.5  -117.1459259    32.6406192     4.38
24   486312.3  3611456.1  -117.1459357    32.6406157     4.40
25   486311.4  3611455.7  -117.1459455    32.6406122     3.60
26   486310.4  3611455.3  -117.1459553    32.6406086     3.69
27   486309.5  3611454.9  -117.1459651    32.6406051     3.68
28   486308.6  3611454.5  -117.1459750    32.6406016     3.74
29   486307.7  3611454.2  -117.1459848    32.6405981     3.82
30   486306.8  3611453.8  -117.1459946    32.6405946     3.80
31   486305.8  3611453.4  -117.1460044    32.6405911     3.80
32   486304.9  3611453.0  -117.1460142    32.6405876     3.86
33   486304.0  3611452.6  -117.1460240    32.6405841     3.88
34   486303.1  3611452.2  -117.1460339    32.6405805     3.93
35   486302.2  3611451.8  -117.1460437    32.6405770     4.05
36   486301.2  3611451.4  -117.1460535    32.6405735     4.04
37   486300.3  3611451.1  -117.1460633    32.6405700     4.03
38   486299.4  3611450.7  -117.1460731    32.6405665     4.04
39   486298.5  3611450.3  -117.1460830    32.6405630     4.08
40   486297.5  3611449.9  -117.1460928    32.6405595     4.07
41   486296.6  3611449.5  -117.1461026    32.6405559     4.03
42   486295.7  3611449.1  -117.1461124    32.6405524     4.02
43   486294.8  3611448.7  -117.1461222    32.6405489     3.97
44   486293.9  3611448.3  -117.1461321    32.6405454     3.95
45   486292.9  3611447.9  -117.1461419    32.6405419     3.90
46   486292.0  3611447.6  -117.1461517    32.6405384     3.75
47   486291.1  3611447.2  -117.1461615    32.6405349     3.60
48   486290.2  3611446.8  -117.1461713    32.6405313     3.45
49   486289.3  3611446.4  -117.1461812    32.6405278     3.27
50   486288.3  3611446.0  -117.1461910    32.6405243     3.09
51   486287.4  3611445.6  -117.1462008    32.6405208     2.97
52   486286.5  3611445.2  -117.1462106    32.6405173     2.88
53   486285.6  3611444.8  -117.1462204    32.6405138     2.83
54   486284.6  3611444.5  -117.1462303    32.6405103     2.77
55   486283.7  3611444.1  -117.1462401    32.6405067     2.72
56   486282.8  3611443.7  -117.1462499    32.6405032     2.69
57   486281.9  3611443.3  -117.1462597    32.6404997     2.64
58   486281.0  3611442.9  -117.1462695    32.6404962     2.56
59   486280.0  3611442.5  -117.1462794    32.6404927     2.51
60   486279.1  3611442.1  -117.1462892    32.6404892     2.49
61   486278.2  3611441.7  -117.1462990    32.6404857     2.46
62   486277.3  3611441.3  -117.1463088    32.6404822     2.42
63   486276.4  3611441.0  -117.1463186    32.6404786     2.35
64   486275.4  3611440.6  -117.1463285    32.6404751     2.30
65   486274.5  3611440.2  -117.1463383    32.6404716     2.24
66   486273.6  3611439.8  -117.1463481    32.6404681     2.17
67   486272.7  3611439.4  -117.1463579    32.6404646     2.12
68   486271.7  3611439.0  -117.1463677    32.6404611     2.05
69   486270.8  3611438.6  -117.1463776    32.6404576     2.00
70   486269.9  3611438.2  -117.1463874    32.6404540     1.95
71   486269.0  3611437.9  -117.1463972    32.6404505     1.89
72   486268.1  3611437.5  -117.1464070    32.6404470     1.84
73   486267.1  3611437.1  -117.1464168    32.6404435     1.79
74   486266.2  3611436.7  -117.1464267    32.6404400     1.78
75   486265.3  3611436.3  -117.1464365    32.6404365     1.74
76   486264.4  3611435.9  -117.1464463    32.6404330     1.68
77   486263.4  3611435.5  -117.1464561    32.6404294     1.64
78   486262.5  3611435.1  -117.1464659    32.6404259     1.60
79   486261.6  3611434.7  -117.1464758    32.6404224     1.55
80   486260.7  3611434.4  -117.1464856    32.6404189     1.51
81   486259.8  3611434.0  -117.1464954    32.6404154     1.48
82   486258.8  3611433.6  -117.1465052    32.6404119     1.44
83   486257.9  3611433.2  -117.1465150    32.6404084     1.42
84   486257.0  3611432.8  -117.1465249    32.6404048     1.39
85   486256.1  3611432.4  -117.1465347    32.6404013     1.35
86   486255.2  3611432.0  -117.1465445    32.6403978     1.33
87   486254.2  3611431.6  -117.1465543    32.6403943     1.32
88   486253.3  3611431.3  -117.1465641    32.6403908     1.30
89   486252.4  3611430.9  -117.1465740    32.6403873     1.27
90   486251.5  3611430.5  -117.1465838    32.6403838     1.24
91   486250.5  3611430.1  -117.1465936    32.6403803     1.21
92   486249.6  3611429.7  -117.1466034    32.6403767     1.19
93   486248.7  3611429.3  -117.1466132    32.6403732     1.16
94   486247.8  3611428.9  -117.1466230    32.6403697     1.13
95   486246.9  3611428.5  -117.1466329    32.6403662     1.09
96   486245.9  3611428.1  -117.1466427    32.6403627     1.07
97   486245.0  3611427.8  -117.1466525    32.6403592     1.04
98   486244.1  3611427.4  -117.1466623    32.6403557     1.00
99   486243.2  3611427.0  -117.1466721    32.6403521     0.97
100   486242.3  3611426.6  -117.1466820    32.6403486     0.95
101   486241.3  3611426.2  -117.1466918    32.6403451     0.94
102   486240.4  3611425.8  -117.1467016    32.6403416     0.91
103   486239.5  3611425.4  -117.1467114    32.6403381     0.87
104   486238.6  3611425.0  -117.1467212    32.6403346     0.84
105   486237.6  3611424.7  -117.1467311    32.6403311     0.81
106   486236.7  3611424.3  -117.1467409    32.6403275     0.78
107   486235.8  3611423.9  -117.1467507    32.6403240     0.75
108   486234.9  3611423.5  -117.1467605    32.6403205     0.73
109   486234.0  3611423.1  -117.1467703    32.6403170     0.70
110   486233.0  3611422.7  -117.1467802    32.6403135     0.68
111   486232.1  3611422.3  -117.1467900    32.6403100     0.66
112   486231.2  3611421.9  -117.1467998    32.6403065     0.64
113   486230.3  3611421.5  -117.1468096    32.6403029     0.63
114   486229.4  3611421.2  -117.1468194    32.6402994     0.61
115   486228.4  3611420.8  -117.1468293    32.6402959     0.60
116   486227.5  3611420.4  -117.1468391    32.6402924     0.61
117   486226.6  3611420.0  -117.1468489    32.6402889     0.60
118   486225.7  3611419.6  -117.1468587    32.6402854     0.49
119   486224.7  3611419.2  -117.1468685    32.6402819     0.47
120   486223.8  3611418.8  -117.1468784    32.6402783     0.46
121   486222.9  3611418.4  -117.1468882    32.6402748     0.45
122   486222.0  3611418.1  -117.1468980    32.6402713     0.41
