-26   485056.1  3613942.5  -117.1593685    32.6630290     4.17
-25   485055.3  3613942.0  -117.1593774    32.6630241     3.98
-24   485054.4  3613941.4  -117.1593863    32.6630191     4.42
-23   485053.6  3613940.9  -117.1593952    32.6630141     4.35
-22   485052.8  3613940.3  -117.1594041    32.6630092     4.36
-21   485051.9  3613939.8  -117.1594130    32.6630042     4.17
-20   485051.1  3613939.2  -117.1594219    32.6629993     4.09
-19   485050.3  3613938.7  -117.1594308    32.6629943     4.02
-18   485049.4  3613938.1  -117.1594397    32.6629893      NaN
-17   485048.6  3613937.6  -117.1594486    32.6629844      NaN
-16   485047.8  3613937.0  -117.1594575    32.6629794      NaN
-15   485046.9  3613936.5  -117.1594664    32.6629744      NaN
-14   485046.1  3613935.9  -117.1594753    32.6629695      NaN
-13   485045.3  3613935.4  -117.1594842    32.6629645      NaN
-12   485044.4  3613934.8  -117.1594931    32.6629596      NaN
-11   485043.6  3613934.3  -117.1595020    32.6629546      NaN
-10   485042.7  3613933.7  -117.1595109    32.6629496     4.36
-9   485041.9  3613933.2  -117.1595198    32.6629447     4.13
-8   485041.1  3613932.6  -117.1595288    32.6629397     4.12
-7   485040.2  3613932.1  -117.1595377    32.6629347     4.31
-6   485039.4  3613931.5  -117.1595466    32.6629298     4.39
-5   485038.6  3613931.0  -117.1595555    32.6629248     4.37
-4   485037.7  3613930.4  -117.1595644    32.6629199     4.36
-3   485036.9  3613929.9  -117.1595733    32.6629149     4.34
-2   485036.1  3613929.3  -117.1595822    32.6629099     4.32
-1   485035.2  3613928.8  -117.1595911    32.6629050     4.31
0   485034.4  3613928.3  -117.1596000    32.6629000     4.37
1   485033.6  3613927.7  -117.1596089    32.6628950     4.42
2   485032.7  3613927.2  -117.1596178    32.6628901     5.11
3   485031.9  3613926.6  -117.1596267    32.6628851     4.72
4   485031.0  3613926.1  -117.1596356    32.6628802     4.65
5   485030.2  3613925.5  -117.1596445    32.6628752     4.47
6   485029.4  3613925.0  -117.1596534    32.6628702     4.43
7   485028.5  3613924.4  -117.1596623    32.6628653     4.39
8   485027.7  3613923.9  -117.1596712    32.6628603     4.43
9   485026.9  3613923.3  -117.1596801    32.6628553     4.39
10   485026.0  3613922.8  -117.1596891    32.6628504     4.37
11   485025.2  3613922.2  -117.1596980    32.6628454     4.35
12   485024.4  3613921.7  -117.1597069    32.6628405     4.36
13   485023.5  3613921.1  -117.1597158    32.6628355     4.34
14   485022.7  3613920.6  -117.1597247    32.6628305     4.32
15   485021.8  3613920.0  -117.1597336    32.6628256     4.27
16   485021.0  3613919.5  -117.1597425    32.6628206     4.27
17   485020.2  3613918.9  -117.1597514    32.6628156     4.30
18   485019.3  3613918.4  -117.1597603    32.6628107     4.26
19   485018.5  3613917.8  -117.1597692    32.6628057     4.22
20   485017.7  3613917.3  -117.1597781    32.6628008     4.19
21   485016.8  3613916.7  -117.1597870    32.6627958     4.14
22   485016.0  3613916.2  -117.1597959    32.6627908     4.22
23   485015.2  3613915.6  -117.1598048    32.6627859     4.22
24   485014.3  3613915.1  -117.1598137    32.6627809     4.20
25   485013.5  3613914.5  -117.1598226    32.6627759     4.13
26   485012.7  3613914.0  -117.1598315    32.6627710     4.03
27   485011.8  3613913.4  -117.1598405    32.6627660     4.06
28   485011.0  3613912.9  -117.1598494    32.6627611     3.90
29   485010.1  3613912.3  -117.1598583    32.6627561     3.71
30   485009.3  3613911.8  -117.1598672    32.6627511     3.61
31   485008.5  3613911.2  -117.1598761    32.6627462     3.57
32   485007.6  3613910.7  -117.1598850    32.6627412     3.51
33   485006.8  3613910.1  -117.1598939    32.6627362     3.45
34   485006.0  3613909.6  -117.1599028    32.6627313     3.36
35   485005.1  3613909.0  -117.1599117    32.6627263     3.28
36   485004.3  3613908.5  -117.1599206    32.6627214     3.22
37   485003.5  3613907.9  -117.1599295    32.6627164     3.20
38   485002.6  3613907.4  -117.1599384    32.6627114     3.18
39   485001.8  3613906.8  -117.1599473    32.6627065     3.17
40   485001.0  3613906.3  -117.1599562    32.6627015     3.16
41   485000.1  3613905.7  -117.1599651    32.6626965     3.16
42   484999.3  3613905.2  -117.1599740    32.6626916     3.15
43   484998.4  3613904.6  -117.1599829    32.6626866     3.15
44   484997.6  3613904.1  -117.1599918    32.6626817     3.15
45   484996.8  3613903.6  -117.1600008    32.6626767     3.10
46   484995.9  3613903.0  -117.1600097    32.6626717     3.01
47   484995.1  3613902.5  -117.1600186    32.6626668     2.91
48   484994.3  3613901.9  -117.1600275    32.6626618     2.83
49   484993.4  3613901.4  -117.1600364    32.6626568     2.73
50   484992.6  3613900.8  -117.1600453    32.6626519     2.70
51   484991.8  3613900.3  -117.1600542    32.6626469     2.62
52   484990.9  3613899.7  -117.1600631    32.6626420     2.50
53   484990.1  3613899.2  -117.1600720    32.6626370     2.41
54   484989.2  3613898.6  -117.1600809    32.6626320     2.31
55   484988.4  3613898.1  -117.1600898    32.6626271     2.23
56   484987.6  3613897.5  -117.1600987    32.6626221     2.20
57   484986.7  3613897.0  -117.1601076    32.6626171     2.13
58   484985.9  3613896.4  -117.1601165    32.6626122     2.03
59   484985.1  3613895.9  -117.1601254    32.6626072     1.94
60   484984.2  3613895.3  -117.1601343    32.6626023     1.89
61   484983.4  3613894.8  -117.1601432    32.6625973     1.86
62   484982.6  3613894.2  -117.1601521    32.6625923     1.82
63   484981.7  3613893.7  -117.1601611    32.6625874     1.75
64   484980.9  3613893.1  -117.1601700    32.6625824     1.72
65   484980.1  3613892.6  -117.1601789    32.6625774     1.67
66   484979.2  3613892.0  -117.1601878    32.6625725     1.63
67   484978.4  3613891.5  -117.1601967    32.6625675     1.58
68   484977.5  3613890.9  -117.1602056    32.6625626     1.56
69   484976.7  3613890.4  -117.1602145    32.6625576     1.53
70   484975.9  3613889.8  -117.1602234    32.6625526     1.49
71   484975.0  3613889.3  -117.1602323    32.6625477     1.46
72   484974.2  3613888.7  -117.1602412    32.6625427     1.41
73   484973.4  3613888.2  -117.1602501    32.6625377     1.39
74   484972.5  3613887.6  -117.1602590    32.6625328     1.37
75   484971.7  3613887.1  -117.1602679    32.6625278     1.35
76   484970.9  3613886.5  -117.1602768    32.6625228     1.31
77   484970.0  3613886.0  -117.1602857    32.6625179     1.26
78   484969.2  3613885.4  -117.1602946    32.6625129     1.24
79   484968.4  3613884.9  -117.1603035    32.6625080     1.22
80   484967.5  3613884.3  -117.1603125    32.6625030     1.20
81   484966.7  3613883.8  -117.1603214    32.6624980     1.16
82   484965.8  3613883.2  -117.1603303    32.6624931     1.13
83   484965.0  3613882.7  -117.1603392    32.6624881     1.09
84   484964.2  3613882.1  -117.1603481    32.6624831     1.07
85   484963.3  3613881.6  -117.1603570    32.6624782     1.03
86   484962.5  3613881.0  -117.1603659    32.6624732     1.01
87   484961.7  3613880.5  -117.1603748    32.6624683     0.99
88   484960.8  3613880.0  -117.1603837    32.6624633     0.95
89   484960.0  3613879.4  -117.1603926    32.6624583     0.93
90   484959.2  3613878.9  -117.1604015    32.6624534     0.89
91   484958.3  3613878.3  -117.1604104    32.6624484     0.87
92   484957.5  3613877.8  -117.1604193    32.6624434     0.85
93   484956.6  3613877.2  -117.1604282    32.6624385     0.83
94   484955.8  3613876.7  -117.1604371    32.6624335     0.80
95   484955.0  3613876.1  -117.1604460    32.6624286     0.78
96   484954.1  3613875.6  -117.1604549    32.6624236     0.75
97   484953.3  3613875.0  -117.1604638    32.6624186     0.73
98   484952.5  3613874.5  -117.1604728    32.6624137     0.72
99   484951.6  3613873.9  -117.1604817    32.6624087     0.69
100   484950.8  3613873.4  -117.1604906    32.6624037     0.67
101   484950.0  3613872.8  -117.1604995    32.6623988     0.64
102   484949.1  3613872.3  -117.1605084    32.6623938     0.63
103   484948.3  3613871.7  -117.1605173    32.6623889     0.63
104   484947.5  3613871.2  -117.1605262    32.6623839     0.62
105   484946.6  3613870.6  -117.1605351    32.6623789     0.61
106   484945.8  3613870.1  -117.1605440    32.6623740     0.61
