-4   486861.7  3610169.0  -117.1400595    32.6290114     3.92
-3   486860.8  3610168.7  -117.1400697    32.6290086     3.92
-2   486859.8  3610168.4  -117.1400798    32.6290057     3.91
-1   486858.9  3610168.0  -117.1400899    32.6290029     3.92
0   486857.9  3610167.7  -117.1401000    32.6290000     3.93
1   486857.0  3610167.4  -117.1401101    32.6289972     3.94
2   486856.0  3610167.1  -117.1401202    32.6289943     3.97
3   486855.1  3610166.8  -117.1401303    32.6289915     4.00
4   486854.1  3610166.5  -117.1401405    32.6289886     4.01
5   486853.2  3610166.1  -117.1401506    32.6289857     4.05
6   486852.2  3610165.8  -117.1401607    32.6289829     4.05
7   486851.3  3610165.5  -117.1401708    32.6289800     4.03
8   486850.3  3610165.2  -117.1401809    32.6289772     3.99
9   486849.4  3610164.9  -117.1401910    32.6289743     3.98
10   486848.4  3610164.6  -117.1402011    32.6289715     3.92
11   486847.5  3610164.3  -117.1402113    32.6289686     3.92
12   486846.5  3610163.9  -117.1402214    32.6289658     3.87
13   486845.6  3610163.6  -117.1402315    32.6289629     3.86
14   486844.6  3610163.3  -117.1402416    32.6289601     3.84
15   486843.7  3610163.0  -117.1402517    32.6289572     3.78
16   486842.8  3610162.7  -117.1402618    32.6289544     3.75
17   486841.8  3610162.4  -117.1402719    32.6289515     3.71
18   486840.9  3610162.1  -117.1402820    32.6289487     3.60
19   486839.9  3610161.7  -117.1402922    32.6289458     3.47
20   486839.0  3610161.4  -117.1403023    32.6289430     3.32
21   486838.0  3610161.1  -117.1403124    32.6289401     3.22
22   486837.1  3610160.8  -117.1403225    32.6289373     3.13
23   486836.1  3610160.5  -117.1403326    32.6289344     3.05
24   486835.2  3610160.2  -117.1403427    32.6289316     2.93
25   486834.2  3610159.8  -117.1403528    32.6289287     2.84
26   486833.3  3610159.5  -117.1403630    32.6289259     2.76
27   486832.3  3610159.2  -117.1403731    32.6289230     2.64
28   486831.4  3610158.9  -117.1403832    32.6289202     2.53
29   486830.4  3610158.6  -117.1403933    32.6289173     2.43
30   486829.5  3610158.3  -117.1404034    32.6289145     2.30
31   486828.5  3610158.0  -117.1404135    32.6289116     2.21
32   486827.6  3610157.6  -117.1404236    32.6289088     2.13
33   486826.6  3610157.3  -117.1404338    32.6289059     2.10
34   486825.7  3610157.0  -117.1404439    32.6289031     2.01
35   486824.7  3610156.7  -117.1404540    32.6289002     1.93
36   486823.8  3610156.4  -117.1404641    32.6288974     1.83
37   486822.8  3610156.1  -117.1404742    32.6288945     1.76
38   486821.9  3610155.8  -117.1404843    32.6288917     1.69
39   486820.9  3610155.4  -117.1404944    32.6288888     1.61
40   486820.0  3610155.1  -117.1405046    32.6288859     1.54
41   486819.0  3610154.8  -117.1405147    32.6288831     1.48
42   486818.1  3610154.5  -117.1405248    32.6288802     1.41
43   486817.1  3610154.2  -117.1405349    32.6288774     1.36
44   486816.2  3610153.9  -117.1405450    32.6288745     1.31
45   486815.2  3610153.6  -117.1405551    32.6288717     1.25
46   486814.3  3610153.2  -117.1405652    32.6288688     1.20
47   486813.3  3610152.9  -117.1405753    32.6288660     1.15
48   486812.4  3610152.6  -117.1405855    32.6288631     1.09
49   486811.4  3610152.3  -117.1405956    32.6288603     1.04
50   486810.5  3610152.0  -117.1406057    32.6288574     1.00
51   486809.5  3610151.7  -117.1406158    32.6288546     0.96
52   486808.6  3610151.3  -117.1406259    32.6288517     0.95
53   486807.6  3610151.0  -117.1406360    32.6288489     0.91
54   486806.7  3610150.7  -117.1406461    32.6288460     0.86
55   486805.7  3610150.4  -117.1406563    32.6288432     0.83
56   486804.8  3610150.1  -117.1406664    32.6288403     0.80
57   486803.8  3610149.8  -117.1406765    32.6288375     0.77
58   486802.9  3610149.5  -117.1406866    32.6288346     0.73
59   486801.9  3610149.1  -117.1406967    32.6288318     0.70
60   486801.0  3610148.8  -117.1407068    32.6288289     0.68
61   486800.0  3610148.5  -117.1407169    32.6288261     0.66
62   486799.1  3610148.2  -117.1407271    32.6288232     0.64
63   486798.1  3610147.9  -117.1407372    32.6288204     0.62
64   486797.2  3610147.6  -117.1407473    32.6288175     0.60
65   486796.2  3610147.3  -117.1407574    32.6288147     0.59
66   486795.3  3610146.9  -117.1407675    32.6288118     0.56
67   486794.3  3610146.6  -117.1407776    32.6288090     0.54
68   486793.4  3610146.3  -117.1407877    32.6288061     0.53
69   486792.4  3610146.0  -117.1407979    32.6288033     0.51
70   486791.5  3610145.7  -117.1408080    32.6288004     0.50
71   486790.5  3610145.4  -117.1408181    32.6287976     0.49
72   486789.6  3610145.1  -117.1408282    32.6287947     0.47
73   486788.6  3610144.7  -117.1408383    32.6287918     0.52
74   486787.7  3610144.4  -117.1408484    32.6287890     0.51
75   486786.8  3610144.1  -117.1408585    32.6287861     0.50
76   486785.8  3610143.8  -117.1408686    32.6287833     0.49
77   486784.9  3610143.5  -117.1408788    32.6287804     0.48
78   486783.9  3610143.2  -117.1408889    32.6287776     0.46
79   486783.0  3610142.8  -117.1408990    32.6287747     0.45
80   486782.0  3610142.5  -117.1409091    32.6287719     0.43
81   486781.1  3610142.2  -117.1409192    32.6287690     0.43
82   486780.1  3610141.9  -117.1409293    32.6287662     0.42
83   486779.2  3610141.6  -117.1409394    32.6287633     0.36
84   486778.2  3610141.3  -117.1409496    32.6287605     0.34
85   486777.3  3610141.0  -117.1409597    32.6287576     0.32
86   486776.3  3610140.6  -117.1409698    32.6287548     0.30
87   486775.4  3610140.3  -117.1409799    32.6287519     0.29
88   486774.4  3610140.0  -117.1409900    32.6287491     0.27
89   486773.5  3610139.7  -117.1410001    32.6287462     0.25
