-56   472192.0  3656679.1  -117.2978414    33.0482839     6.80
-55   472191.1  3656678.8  -117.2978514    33.0482806     6.78
-54   472190.1  3656678.4  -117.2978613    33.0482774     6.76
-53   472189.2  3656678.0  -117.2978713    33.0482741     7.07
-52   472188.3  3656677.7  -117.2978813    33.0482708     6.87
-51   472187.4  3656677.3  -117.2978913    33.0482675     6.97
-50   472186.4  3656677.0  -117.2979012    33.0482642     6.95
-49   472185.5  3656676.6  -117.2979112    33.0482609     7.00
-48   472184.6  3656676.2  -117.2979212    33.0482577     6.74
-47   472183.6  3656675.9  -117.2979312    33.0482544     6.81
-46   472182.7  3656675.5  -117.2979411    33.0482511     6.07
-45   472181.8  3656675.2  -117.2979511    33.0482478     6.15
-44   472180.8  3656674.8  -117.2979611    33.0482445     6.67
-43   472179.9  3656674.4  -117.2979711    33.0482412     6.29
-42   472179.0  3656674.1  -117.2979810    33.0482380     6.36
-41   472178.0  3656673.7  -117.2979910    33.0482347     7.76
-40   472177.1  3656673.3  -117.2980010    33.0482314     9.58
-39   472176.2  3656673.0  -117.2980110    33.0482281    12.02
-38   472175.2  3656672.6  -117.2980209    33.0482248    10.81
-37   472174.3  3656672.3  -117.2980309    33.0482215    13.36
-36   472173.4  3656671.9  -117.2980409    33.0482182    14.12
-35   472172.4  3656671.5  -117.2980509    33.0482150    12.53
-34   472171.5  3656671.2  -117.2980608    33.0482117     9.29
-33   472170.6  3656670.8  -117.2980708    33.0482084     9.81
-32   472169.6  3656670.5  -117.2980808    33.0482051     5.74
-31   472168.7  3656670.1  -117.2980908    33.0482018     6.01
-30   472167.8  3656669.7  -117.2981007    33.0481985     6.11
-29   472166.8  3656669.4  -117.2981107    33.0481953     5.66
-28   472165.9  3656669.0  -117.2981207    33.0481920     5.74
-27   472165.0  3656668.6  -117.2981307    33.0481887     5.06
-26   472164.0  3656668.3  -117.2981406    33.0481854     5.57
-25   472163.1  3656667.9  -117.2981506    33.0481821     5.52
-24   472162.2  3656667.6  -117.2981606    33.0481788     5.13
-23   472161.2  3656667.2  -117.2981706    33.0481755     4.53
-22   472160.3  3656666.8  -117.2981805    33.0481723     4.19
-21   472159.4  3656666.5  -117.2981905    33.0481690     4.86
-20   472158.4  3656666.1  -117.2982005    33.0481657     4.81
-19   472157.5  3656665.8  -117.2982105    33.0481624     5.02
-18   472156.6  3656665.4  -117.2982204    33.0481591     5.08
-17   472155.6  3656665.0  -117.2982304    33.0481558     5.06
-16   472154.7  3656664.7  -117.2982404    33.0481526     5.24
-15   472153.8  3656664.3  -117.2982504    33.0481493     5.08
-14   472152.9  3656663.9  -117.2982603    33.0481460     5.07
-13   472151.9  3656663.6  -117.2982703    33.0481427     4.96
-12   472151.0  3656663.2  -117.2982803    33.0481394     4.80
-11   472150.1  3656662.9  -117.2982903    33.0481361     4.63
-10   472149.1  3656662.5  -117.2983002    33.0481329     4.44
-9   472148.2  3656662.1  -117.2983102    33.0481296     4.20
-8   472147.3  3656661.8  -117.2983202    33.0481263     4.00
-7   472146.3  3656661.4  -117.2983302    33.0481230     3.82
-6   472145.4  3656661.1  -117.2983401    33.0481197     3.64
-5   472144.5  3656660.7  -117.2983501    33.0481164     3.51
-4   472143.5  3656660.3  -117.2983601    33.0481131     3.36
-3   472142.6  3656660.0  -117.2983701    33.0481099     3.33
-2   472141.7  3656659.6  -117.2983800    33.0481066     3.15
-1   472140.7  3656659.2  -117.2983900    33.0481033     2.92
0   472139.8  3656658.9  -117.2984000    33.0481000     2.71
1   472138.9  3656658.5  -117.2984100    33.0480967     2.59
2   472137.9  3656658.2  -117.2984199    33.0480934     2.50
3   472137.0  3656657.8  -117.2984299    33.0480902     2.43
4   472136.1  3656657.4  -117.2984399    33.0480869     2.37
5   472135.1  3656657.1  -117.2984499    33.0480836     2.32
6   472134.2  3656656.7  -117.2984598    33.0480803     2.26
7   472133.3  3656656.4  -117.2984698    33.0480770     2.19
8   472132.3  3656656.0  -117.2984798    33.0480737     2.13
9   472131.4  3656655.6  -117.2984898    33.0480704     2.07
10   472130.5  3656655.3  -117.2984997    33.0480672     2.01
11   472129.5  3656654.9  -117.2985097    33.0480639     1.96
12   472128.6  3656654.5  -117.2985197    33.0480606     1.91
13   472127.7  3656654.2  -117.2985297    33.0480573     1.84
14   472126.7  3656653.8  -117.2985397    33.0480540     1.79
15   472125.8  3656653.5  -117.2985496    33.0480507     1.74
16   472124.9  3656653.1  -117.2985596    33.0480475     1.73
17   472123.9  3656652.7  -117.2985696    33.0480442     1.67
18   472123.0  3656652.4  -117.2985796    33.0480409     1.62
19   472122.1  3656652.0  -117.2985895    33.0480376     1.56
20   472121.2  3656651.7  -117.2985995    33.0480343     1.51
21   472120.2  3656651.3  -117.2986095    33.0480310     1.47
22   472119.3  3656650.9  -117.2986195    33.0480277     1.41
23   472118.4  3656650.6  -117.2986294    33.0480245     1.36
24   472117.4  3656650.2  -117.2986394    33.0480212     1.32
25   472116.5  3656649.8  -117.2986494    33.0480179     1.27
26   472115.6  3656649.5  -117.2986594    33.0480146     1.23
27   472114.6  3656649.1  -117.2986693    33.0480113     1.19
28   472113.7  3656648.8  -117.2986793    33.0480080     1.14
29   472112.8  3656648.4  -117.2986893    33.0480048     1.10
30   472111.8  3656648.0  -117.2986993    33.0480015     1.06
31   472110.9  3656647.7  -117.2987092    33.0479982     1.02
32   472110.0  3656647.3  -117.2987192    33.0479949     0.98
33   472109.0  3656647.0  -117.2987292    33.0479916     0.95
34   472108.1  3656646.6  -117.2987392    33.0479883     0.94
35   472107.2  3656646.2  -117.2987491    33.0479851     0.91
36   472106.2  3656645.9  -117.2987591    33.0479818     0.87
37   472105.3  3656645.5  -117.2987691    33.0479785     0.84
38   472104.4  3656645.2  -117.2987791    33.0479752     0.96
39   472103.4  3656644.8  -117.2987890    33.0479719     0.93
40   472102.5  3656644.4  -117.2987990    33.0479686     1.04
41   472101.6  3656644.1  -117.2988090    33.0479653     1.01
42   472100.6  3656643.7  -117.2988190    33.0479621     0.99
43   472099.7  3656643.3  -117.2988289    33.0479588     0.95
44   472098.8  3656643.0  -117.2988389    33.0479555     0.93
45   472097.8  3656642.6  -117.2988489    33.0479522     0.91
46   472096.9  3656642.3  -117.2988589    33.0479489     0.87
47   472096.0  3656641.9  -117.2988688    33.0479456     0.85
48   472095.0  3656641.5  -117.2988788    33.0479424     0.84
49   472094.1  3656641.2  -117.2988888    33.0479391     0.82
50   472093.2  3656640.8  -117.2988988    33.0479358     0.79
51   472092.2  3656640.5  -117.2989087    33.0479325     0.76
52   472091.3  3656640.1  -117.2989187    33.0479292     0.75
53   472090.4  3656639.7  -117.2989287    33.0479259     0.73
54   472089.5  3656639.4  -117.2989387    33.0479226     0.71
55   472088.5  3656639.0  -117.2989486    33.0479194     0.69
56   472087.6  3656638.6  -117.2989586    33.0479161     0.67
57   472086.7  3656638.3  -117.2989686    33.0479128     0.66
