-59   472194.8  3656680.2  -117.2978115    33.0482938     5.32
-58   472193.9  3656679.9  -117.2978214    33.0482905     5.32
-57   472192.9  3656679.5  -117.2978314    33.0482872     5.30
-56   472192.0  3656679.1  -117.2978414    33.0482839     5.38
-55   472191.1  3656678.8  -117.2978514    33.0482806     5.49
-54   472190.1  3656678.4  -117.2978613    33.0482774     5.42
-53   472189.2  3656678.0  -117.2978713    33.0482741     5.26
-52   472188.3  3656677.7  -117.2978813    33.0482708     5.69
-51   472187.4  3656677.3  -117.2978913    33.0482675     5.79
-50   472186.4  3656677.0  -117.2979012    33.0482642     5.78
-49   472185.5  3656676.6  -117.2979112    33.0482609     5.88
-48   472184.6  3656676.2  -117.2979212    33.0482577     5.87
-47   472183.6  3656675.9  -117.2979312    33.0482544     5.67
-46   472182.7  3656675.5  -117.2979411    33.0482511     5.44
-45   472181.8  3656675.2  -117.2979511    33.0482478     5.22
-44   472180.8  3656674.8  -117.2979611    33.0482445     5.56
-43   472179.9  3656674.4  -117.2979711    33.0482412     5.54
-42   472179.0  3656674.1  -117.2979810    33.0482380     5.47
-41   472178.0  3656673.7  -117.2979910    33.0482347     5.19
-40   472177.1  3656673.3  -117.2980010    33.0482314     5.34
-39   472176.2  3656673.0  -117.2980110    33.0482281     5.39
-38   472175.2  3656672.6  -117.2980209    33.0482248     5.20
-37   472174.3  3656672.3  -117.2980309    33.0482215     5.28
-36   472173.4  3656671.9  -117.2980409    33.0482182     6.37
-35   472172.4  3656671.5  -117.2980509    33.0482150     5.12
-34   472171.5  3656671.2  -117.2980608    33.0482117     5.21
-33   472170.6  3656670.8  -117.2980708    33.0482084     5.13
-32   472169.6  3656670.5  -117.2980808    33.0482051     5.13
-31   472168.7  3656670.1  -117.2980908    33.0482018     5.08
-30   472167.8  3656669.7  -117.2981007    33.0481985     5.07
-29   472166.8  3656669.4  -117.2981107    33.0481953     5.15
-28   472165.9  3656669.0  -117.2981207    33.0481920     5.17
-27   472165.0  3656668.6  -117.2981307    33.0481887     5.14
-26   472164.0  3656668.3  -117.2981406    33.0481854     5.13
-25   472163.1  3656667.9  -117.2981506    33.0481821     5.12
-24   472162.2  3656667.6  -117.2981606    33.0481788     5.01
-23   472161.2  3656667.2  -117.2981706    33.0481755     5.03
-22   472160.3  3656666.8  -117.2981805    33.0481723     4.89
-21   472159.4  3656666.5  -117.2981905    33.0481690     5.04
-20   472158.4  3656666.1  -117.2982005    33.0481657     5.02
-19   472157.5  3656665.8  -117.2982105    33.0481624     5.02
-18   472156.6  3656665.4  -117.2982204    33.0481591     5.02
-17   472155.6  3656665.0  -117.2982304    33.0481558     5.01
-16   472154.7  3656664.7  -117.2982404    33.0481526     5.01
-15   472153.8  3656664.3  -117.2982504    33.0481493     4.99
-14   472152.9  3656663.9  -117.2982603    33.0481460     4.98
-13   472151.9  3656663.6  -117.2982703    33.0481427     4.97
-12   472151.0  3656663.2  -117.2982803    33.0481394     4.93
-11   472150.1  3656662.9  -117.2982903    33.0481361     4.90
-10   472149.1  3656662.5  -117.2983002    33.0481329     4.90
-9   472148.2  3656662.1  -117.2983102    33.0481296     4.87
-8   472147.3  3656661.8  -117.2983202    33.0481263     4.87
-7   472146.3  3656661.4  -117.2983302    33.0481230     4.86
-6   472145.4  3656661.1  -117.2983401    33.0481197     4.85
-5   472144.5  3656660.7  -117.2983501    33.0481164     4.91
-4   472143.5  3656660.3  -117.2983601    33.0481131     4.92
-3   472142.6  3656660.0  -117.2983701    33.0481099     4.84
-2   472141.7  3656659.6  -117.2983800    33.0481066     4.96
-1   472140.7  3656659.2  -117.2983900    33.0481033     4.99
0   472139.8  3656658.9  -117.2984000    33.0481000     4.94
1   472138.9  3656658.5  -117.2984100    33.0480967     4.84
2   472137.9  3656658.2  -117.2984199    33.0480934     4.85
3   472137.0  3656657.8  -117.2984299    33.0480902     4.80
4   472136.1  3656657.4  -117.2984399    33.0480869     4.79
5   472135.1  3656657.1  -117.2984499    33.0480836     4.79
6   472134.2  3656656.7  -117.2984598    33.0480803     4.79
7   472133.3  3656656.4  -117.2984698    33.0480770     4.74
8   472132.3  3656656.0  -117.2984798    33.0480737     4.72
9   472131.4  3656655.6  -117.2984898    33.0480704     4.70
10   472130.5  3656655.3  -117.2984997    33.0480672     4.65
11   472129.5  3656654.9  -117.2985097    33.0480639     4.63
12   472128.6  3656654.5  -117.2985197    33.0480606     4.61
13   472127.7  3656654.2  -117.2985297    33.0480573     4.54
14   472126.7  3656653.8  -117.2985397    33.0480540     4.49
15   472125.8  3656653.5  -117.2985496    33.0480507     4.45
16   472124.9  3656653.1  -117.2985596    33.0480475     4.42
17   472123.9  3656652.7  -117.2985696    33.0480442     4.38
18   472123.0  3656652.4  -117.2985796    33.0480409     4.33
19   472122.1  3656652.0  -117.2985895    33.0480376     4.26
20   472121.2  3656651.7  -117.2985995    33.0480343     4.22
21   472120.2  3656651.3  -117.2986095    33.0480310     4.18
22   472119.3  3656650.9  -117.2986195    33.0480277     4.13
23   472118.4  3656650.6  -117.2986294    33.0480245     4.10
24   472117.4  3656650.2  -117.2986394    33.0480212     4.08
25   472116.5  3656649.8  -117.2986494    33.0480179     4.02
26   472115.6  3656649.5  -117.2986594    33.0480146     3.98
27   472114.6  3656649.1  -117.2986693    33.0480113     3.94
28   472113.7  3656648.8  -117.2986793    33.0480080     3.85
29   472112.8  3656648.4  -117.2986893    33.0480048     3.77
30   472111.8  3656648.0  -117.2986993    33.0480015     3.67
31   472110.9  3656647.7  -117.2987092    33.0479982     3.52
32   472110.0  3656647.3  -117.2987192    33.0479949     3.40
33   472109.0  3656647.0  -117.2987292    33.0479916     3.27
34   472108.1  3656646.6  -117.2987392    33.0479883     3.22
35   472107.2  3656646.2  -117.2987491    33.0479851     3.07
36   472106.2  3656645.9  -117.2987591    33.0479818     2.91
37   472105.3  3656645.5  -117.2987691    33.0479785     2.72
38   472104.4  3656645.2  -117.2987791    33.0479752     2.60
39   472103.4  3656644.8  -117.2987890    33.0479719     2.48
40   472102.5  3656644.4  -117.2987990    33.0479686     2.33
41   472101.6  3656644.1  -117.2988090    33.0479653     2.22
42   472100.6  3656643.7  -117.2988190    33.0479621     2.11
43   472099.7  3656643.3  -117.2988289    33.0479588     1.98
44   472098.8  3656643.0  -117.2988389    33.0479555     1.87
45   472097.8  3656642.6  -117.2988489    33.0479522     1.78
46   472096.9  3656642.3  -117.2988589    33.0479489     1.67
47   472096.0  3656641.9  -117.2988688    33.0479456     1.59
48   472095.0  3656641.5  -117.2988788    33.0479424     1.52
49   472094.1  3656641.2  -117.2988888    33.0479391     1.50
50   472093.2  3656640.8  -117.2988988    33.0479358     1.36
51   472092.2  3656640.5  -117.2989087    33.0479325     1.30
52   472091.3  3656640.1  -117.2989187    33.0479292     1.28
53   472090.4  3656639.7  -117.2989287    33.0479259     1.23
54   472089.5  3656639.4  -117.2989387    33.0479226     1.17
55   472088.5  3656639.0  -117.2989486    33.0479194     1.11
56   472087.6  3656638.6  -117.2989586    33.0479161     1.07
57   472086.7  3656638.3  -117.2989686    33.0479128     1.02
58   472085.7  3656637.9  -117.2989786    33.0479095     0.97
59   472084.8  3656637.6  -117.2989885    33.0479062     1.07
60   472083.9  3656637.2  -117.2989985    33.0479029     1.04
61   472082.9  3656636.8  -117.2990085    33.0478997     1.00
62   472082.0  3656636.5  -117.2990185    33.0478964     0.97
63   472081.1  3656636.1  -117.2990284    33.0478931     0.95
64   472080.1  3656635.8  -117.2990384    33.0478898     0.91
65   472079.2  3656635.4  -117.2990484    33.0478865     0.89
66   472078.3  3656635.0  -117.2990584    33.0478832     0.86
67   472077.3  3656634.7  -117.2990683    33.0478800     0.81
