-14   476323.9  3639730.6  -117.2531503    32.8955000     4.29
-13   476322.9  3639730.6  -117.2531610    32.8955000     4.51
-12   476321.9  3639730.6  -117.2531717    32.8955000     4.89
-11   476320.9  3639730.6  -117.2531824    32.8955000     4.76
-10   476319.9  3639730.6  -117.2531931    32.8955000     4.50
-9   476318.9  3639730.6  -117.2532038    32.8955000     4.44
-8   476317.9  3639730.6  -117.2532145    32.8955000     4.47
-7   476316.9  3639730.6  -117.2532252    32.8955000     4.37
-6   476315.9  3639730.6  -117.2532358    32.8955000     4.21
-5   476314.9  3639730.6  -117.2532465    32.8955000     4.09
-4   476313.9  3639730.6  -117.2532572    32.8955000     3.98
-3   476312.9  3639730.6  -117.2532679    32.8955000     3.84
-2   476311.9  3639730.6  -117.2532786    32.8955000     3.66
-1   476310.9  3639730.6  -117.2532893    32.8955000     3.54
0   476309.9  3639730.6  -117.2533000    32.8955000     3.38
1   476308.9  3639730.6  -117.2533107    32.8955000     3.21
2   476307.9  3639730.6  -117.2533214    32.8955000     3.10
3   476306.9  3639730.6  -117.2533321    32.8955000     3.02
4   476305.9  3639730.6  -117.2533428    32.8955000     2.97
5   476304.9  3639730.6  -117.2533535    32.8955000     2.94
6   476303.9  3639730.6  -117.2533642    32.8955000     2.92
7   476302.9  3639730.6  -117.2533748    32.8955000     2.91
8   476301.9  3639730.6  -117.2533855    32.8955000     2.90
9   476300.9  3639730.6  -117.2533962    32.8955000     2.90
10   476299.9  3639730.6  -117.2534069    32.8955000     2.90
11   476298.9  3639730.6  -117.2534176    32.8955000     2.91
12   476297.9  3639730.6  -117.2534283    32.8955000     2.92
13   476296.9  3639730.6  -117.2534390    32.8955000     2.93
14   476295.9  3639730.6  -117.2534497    32.8955000     2.94
15   476294.9  3639730.6  -117.2534604    32.8955000     2.94
16   476293.9  3639730.6  -117.2534711    32.8955000     2.95
17   476292.9  3639730.6  -117.2534818    32.8955000     2.96
18   476291.9  3639730.6  -117.2534925    32.8955000     2.97
19   476290.9  3639730.6  -117.2535031    32.8955000     3.00
20   476289.9  3639730.6  -117.2535138    32.8955000     3.01
21   476288.9  3639730.6  -117.2535245    32.8955000     3.04
22   476287.9  3639730.6  -117.2535352    32.8955000     3.05
23   476286.9  3639730.6  -117.2535459    32.8955000     3.08
24   476285.9  3639730.6  -117.2535566    32.8955000     3.09
25   476284.9  3639730.6  -117.2535673    32.8955000     3.12
26   476283.9  3639730.7  -117.2535780    32.8955000     3.12
27   476282.9  3639730.7  -117.2535887    32.8955000     3.16
28   476281.9  3639730.7  -117.2535994    32.8955000     3.17
29   476280.9  3639730.7  -117.2536101    32.8955000     3.17
30   476279.9  3639730.7  -117.2536208    32.8955000     3.20
31   476278.9  3639730.7  -117.2536315    32.8955000     3.19
32   476277.9  3639730.7  -117.2536421    32.8955000     3.13
33   476276.9  3639730.7  -117.2536528    32.8955000     3.05
34   476275.9  3639730.7  -117.2536635    32.8955000     3.00
35   476274.9  3639730.7  -117.2536742    32.8955000     2.93
36   476273.9  3639730.7  -117.2536849    32.8955000     2.87
37   476272.9  3639730.7  -117.2536956    32.8955000     2.79
38   476271.9  3639730.7  -117.2537063    32.8955000     2.66
39   476270.9  3639730.7  -117.2537170    32.8955000     2.55
40   476269.9  3639730.7  -117.2537277    32.8955000     2.44
41   476268.9  3639730.7  -117.2537384    32.8955000     2.32
42   476267.9  3639730.7  -117.2537491    32.8955000     2.21
43   476266.9  3639730.7  -117.2537598    32.8955000     2.14
44   476265.9  3639730.7  -117.2537705    32.8955000     2.06
45   476264.9  3639730.7  -117.2537811    32.8955000     1.98
46   476263.9  3639730.7  -117.2537918    32.8955000     1.91
47   476262.9  3639730.7  -117.2538025    32.8955000     1.84
48   476261.9  3639730.7  -117.2538132    32.8955000     1.78
49   476260.9  3639730.7  -117.2538239    32.8955000     1.72
50   476259.9  3639730.7  -117.2538346    32.8955000     1.67
51   476258.9  3639730.7  -117.2538453    32.8955000     1.62
52   476257.9  3639730.7  -117.2538560    32.8955000     1.57
53   476256.9  3639730.7  -117.2538667    32.8955000     1.52
54   476255.9  3639730.7  -117.2538774    32.8955000     1.47
55   476254.9  3639730.7  -117.2538881    32.8955000     1.43
56   476253.9  3639730.7  -117.2538988    32.8955000     1.38
57   476252.9  3639730.7  -117.2539095    32.8955000     1.34
58   476251.9  3639730.7  -117.2539201    32.8955000     1.30
59   476250.9  3639730.7  -117.2539308    32.8955000     1.27
60   476249.9  3639730.7  -117.2539415    32.8955000     1.23
61   476248.9  3639730.7  -117.2539522    32.8955000     1.19
62   476247.9  3639730.7  -117.2539629    32.8955000     1.16
63   476246.9  3639730.7  -117.2539736    32.8955000     1.12
64   476245.9  3639730.7  -117.2539843    32.8955000     1.09
65   476244.9  3639730.7  -117.2539950    32.8955000     1.05
66   476243.9  3639730.7  -117.2540057    32.8955000     1.01
67   476242.9  3639730.8  -117.2540164    32.8955000     0.99
68   476241.9  3639730.8  -117.2540271    32.8955000     0.95
69   476240.9  3639730.8  -117.2540378    32.8955000     0.94
70   476239.9  3639730.8  -117.2540484    32.8955000     0.90
71   476238.9  3639730.8  -117.2540591    32.8955000     0.90
72   476237.9  3639730.8  -117.2540698    32.8955000     0.88
73   476236.9  3639730.8  -117.2540805    32.8955000     0.84
74   476235.9  3639730.8  -117.2540912    32.8955000     0.80
75   476234.9  3639730.8  -117.2541019    32.8955000     0.76
76   476233.9  3639730.8  -117.2541126    32.8955000     0.79
77   476232.9  3639730.8  -117.2541233    32.8955000     0.76
78   476231.9  3639730.8  -117.2541340    32.8955000     0.74
79   476230.9  3639730.8  -117.2541447    32.8955000     0.72
