-14   476322.4  3639133.3  -117.2531510    32.8901120     3.41
-13   476321.4  3639133.2  -117.2531616    32.8901112     3.37
-12   476320.4  3639133.1  -117.2531723    32.8901103     3.29
-11   476319.4  3639133.0  -117.2531829    32.8901094     3.32
-10   476318.4  3639132.9  -117.2531936    32.8901086     3.30
-9   476317.4  3639132.8  -117.2532042    32.8901077     3.28
-8   476316.4  3639132.7  -117.2532149    32.8901069     3.31
-7   476315.4  3639132.6  -117.2532255    32.8901060     3.29
-6   476314.4  3639132.5  -117.2532361    32.8901052     3.30
-5   476313.4  3639132.4  -117.2532468    32.8901043     3.30
-4   476312.4  3639132.3  -117.2532574    32.8901034     3.27
-3   476311.4  3639132.2  -117.2532681    32.8901026     3.19
-2   476310.4  3639132.1  -117.2532787    32.8901017     3.17
-1   476309.4  3639132.0  -117.2532894    32.8901009     3.16
0   476308.4  3639132.0  -117.2533000    32.8901000     3.14
1   476307.4  3639131.9  -117.2533106    32.8900991     3.13
2   476306.5  3639131.8  -117.2533213    32.8900983     3.13
3   476305.5  3639131.7  -117.2533319    32.8900974     3.14
4   476304.5  3639131.6  -117.2533426    32.8900966     3.12
5   476303.5  3639131.5  -117.2533532    32.8900957     3.08
6   476302.5  3639131.4  -117.2533639    32.8900949     3.06
7   476301.5  3639131.3  -117.2533745    32.8900940     3.06
8   476300.5  3639131.2  -117.2533851    32.8900931     3.04
9   476299.5  3639131.1  -117.2533958    32.8900923     3.01
10   476298.5  3639131.0  -117.2534064    32.8900914     3.00
11   476297.5  3639130.9  -117.2534171    32.8900906     3.01
12   476296.5  3639130.8  -117.2534277    32.8900897     3.01
13   476295.5  3639130.7  -117.2534384    32.8900888     3.02
14   476294.5  3639130.7  -117.2534490    32.8900880     3.05
15   476293.5  3639130.6  -117.2534596    32.8900871     3.07
16   476292.5  3639130.5  -117.2534703    32.8900863     3.08
17   476291.5  3639130.4  -117.2534809    32.8900854     3.09
18   476290.5  3639130.3  -117.2534916    32.8900846     3.11
19   476289.5  3639130.2  -117.2535022    32.8900837     3.12
20   476288.5  3639130.1  -117.2535129    32.8900828     3.13
21   476287.5  3639130.0  -117.2535235    32.8900820     3.14
22   476286.5  3639129.9  -117.2535341    32.8900811     3.15
23   476285.5  3639129.8  -117.2535448    32.8900803     3.15
24   476284.5  3639129.7  -117.2535554    32.8900794     3.16
25   476283.6  3639129.6  -117.2535661    32.8900785     3.15
26   476282.6  3639129.5  -117.2535767    32.8900777     3.13
27   476281.6  3639129.4  -117.2535874    32.8900768     3.11
28   476280.6  3639129.4  -117.2535980    32.8900760     3.04
29   476279.6  3639129.3  -117.2536086    32.8900751     2.93
30   476278.6  3639129.2  -117.2536193    32.8900743     2.83
31   476277.6  3639129.1  -117.2536299    32.8900734     2.74
32   476276.6  3639129.0  -117.2536406    32.8900725     2.67
33   476275.6  3639128.9  -117.2536512    32.8900717     2.59
34   476274.6  3639128.8  -117.2536619    32.8900708     2.50
35   476273.6  3639128.7  -117.2536725    32.8900700     2.41
36   476272.6  3639128.6  -117.2536831    32.8900691     2.31
37   476271.6  3639128.5  -117.2536938    32.8900682     2.22
38   476270.6  3639128.4  -117.2537044    32.8900674     2.12
39   476269.6  3639128.3  -117.2537151    32.8900665     2.03
40   476268.6  3639128.2  -117.2537257    32.8900657     1.95
41   476267.6  3639128.1  -117.2537364    32.8900648     1.88
42   476266.6  3639128.1  -117.2537470    32.8900640     1.81
43   476265.6  3639128.0  -117.2537576    32.8900631     1.74
44   476264.6  3639127.9  -117.2537683    32.8900622     1.67
45   476263.6  3639127.8  -117.2537789    32.8900614     1.61
46   476262.6  3639127.7  -117.2537896    32.8900605     1.55
47   476261.6  3639127.6  -117.2538002    32.8900597     1.50
48   476260.7  3639127.5  -117.2538109    32.8900588     1.44
49   476259.7  3639127.4  -117.2538215    32.8900579     1.39
50   476258.7  3639127.3  -117.2538321    32.8900571     1.34
51   476257.7  3639127.2  -117.2538428    32.8900562     1.29
52   476256.7  3639127.1  -117.2538534    32.8900554     1.25
53   476255.7  3639127.0  -117.2538641    32.8900545     1.20
54   476254.7  3639126.9  -117.2538747    32.8900537     1.16
55   476253.7  3639126.9  -117.2538854    32.8900528     1.12
56   476252.7  3639126.8  -117.2538960    32.8900519     1.09
57   476251.7  3639126.7  -117.2539066    32.8900511     1.06
58   476250.7  3639126.6  -117.2539173    32.8900502     1.02
59   476249.7  3639126.5  -117.2539279    32.8900494     0.99
60   476248.7  3639126.4  -117.2539386    32.8900485     0.95
61   476247.7  3639126.3  -117.2539492    32.8900476     0.92
62   476246.7  3639126.2  -117.2539599    32.8900468     0.89
63   476245.7  3639126.1  -117.2539705    32.8900459     0.86
64   476244.7  3639126.0  -117.2539811    32.8900451     0.83
65   476243.7  3639125.9  -117.2539918    32.8900442     0.79
66   476242.7  3639125.8  -117.2540024    32.8900434     0.77
67   476241.7  3639125.7  -117.2540131    32.8900425     0.75
68   476240.7  3639125.6  -117.2540237    32.8900416     0.72
69   476239.7  3639125.6  -117.2540344    32.8900408     0.70
70   476238.7  3639125.5  -117.2540450    32.8900399     0.65
71   476237.8  3639125.4  -117.2540557    32.8900391     0.61
72   476236.8  3639125.3  -117.2540663    32.8900382     0.59
73   476235.8  3639125.2  -117.2540769    32.8900373     0.56
74   476234.8  3639125.1  -117.2540876    32.8900365     0.55
75   476233.8  3639125.0  -117.2540982    32.8900356     0.55
76   476232.8  3639124.9  -117.2541089    32.8900348     0.54
77   476231.8  3639124.8  -117.2541195    32.8900339     0.49
78   476230.8  3639124.7  -117.2541302    32.8900331     0.47
79   476229.8  3639124.6  -117.2541408    32.8900322     0.46
80   476228.8  3639124.5  -117.2541514    32.8900313     0.44
81   476227.8  3639124.4  -117.2541621    32.8900305     0.44
82   476226.8  3639124.3  -117.2541727    32.8900296     0.45
83   476225.8  3639124.3  -117.2541834    32.8900288     0.48
84   476224.8  3639124.2  -117.2541940    32.8900279     0.45
